  5.0000E+01 1.7316E+00 7.6901E-01 3.0000E-08 1.4999E-02 6.0914E+02 -4.0846E+01 5.0000E+01
  6.2946E+01 1.7326E+00 7.6941E-01 3.0000E-08 1.4991E-02 5.4469E+02 -3.9874E+01 6.2946E+01
  7.9245E+01 2.3914E-01 2.1689E+00 3.0000E-08 2.9010E-02 2.7673E+02 -6.1835E+00 7.9245E+01
  9.9763E+01 2.7699E-01 2.1223E+00 3.0000E-08 2.9240E-02 2.7229E+02 -5.8339E+00 9.9763E+01
  1.2559E+02 3.2467E-01 2.0732E+00 3.0000E-08 2.9456E-02 2.6787E+02 -5.5754E+00 1.2559E+02
  1.5811E+02 3.8446E-01 2.0225E+00 3.0000E-08 2.9644E-02 2.6356E+02 -5.3870E+00 1.5811E+02
  1.9905E+02 4.5840E-01 1.9710E+00 3.0000E-08 2.9803E-02 2.5936E+02 -5.2440E+00 1.9905E+02
  2.5059E+02 5.4850E-01 1.9199E+00 3.0000E-08 2.9934E-02 2.5531E+02 -5.1239E+00 2.5059E+02
  3.1548E+02 6.5739E-01 1.8706E+00 3.0000E-08 3.0033E-02 2.5151E+02 -5.0124E+00 3.1548E+02
  3.9716E+02 7.8926E-01 1.8245E+00 3.0000E-08 3.0096E-02 2.4804E+02 -4.9058E+00 3.9716E+02
  5.0000E+02 9.5039E-01 1.7821E+00 3.0000E-08 3.0124E-02 2.4496E+02 -4.8082E+00 5.0000E+02
  6.2946E+02 1.1491E+00 1.7429E+00 3.0000E-08 3.0118E-02 2.4221E+02 -4.7247E+00 6.2946E+02
  7.9245E+02 1.3954E+00 1.7065E+00 3.0000E-08 3.0085E-02 2.3975E+02 -4.6574E+00 7.9245E+02
  9.9763E+02 1.7013E+00 1.6721E+00 3.0000E-08 3.0030E-02 2.3751E+02 -4.6055E+00 9.9763E+02
  1.2559E+03 2.0813E+00 1.6394E+00 3.0000E-08 2.9955E-02 2.3544E+02 -4.5661E+00 1.2559E+03
  1.5811E+03 2.5535E+00 1.6082E+00 3.0000E-08 2.9863E-02 2.3353E+02 -4.5373E+00 1.5811E+03
  1.9905E+03 3.1407E+00 1.5784E+00 3.0000E-08 2.9755E-02 2.3176E+02 -4.5176E+00 1.9905E+03
  2.5059E+03 3.8716E+00 1.5498E+00 3.0000E-08 2.9633E-02 2.3012E+02 -4.5057E+00 2.5059E+03
  3.1548E+03 4.7819E+00 1.5224E+00 3.0000E-08 2.9497E-02 2.2859E+02 -4.5007E+00 3.1548E+03
  3.9716E+03 5.9161E+00 1.4959E+00 3.0000E-08 2.9349E-02 2.2717E+02 -4.5016E+00 3.9716E+03
  5.0000E+03 7.3300E+00 1.4703E+00 3.0000E-08 2.9189E-02 2.2584E+02 -4.5075E+00 5.0000E+03
  6.2946E+03 9.0930E+00 1.4456E+00 3.0000E-08 2.9018E-02 2.2460E+02 -4.5175E+00 6.2946E+03
  7.9245E+03 1.1291E+01 1.4217E+00 3.0000E-08 2.8837E-02 2.2343E+02 -4.5309E+00 7.9245E+03
  9.9763E+03 1.4032E+01 1.3984E+00 3.0000E-08 2.8646E-02 2.2235E+02 -4.5470E+00 9.9763E+03
  1.2559E+04 1.7450E+01 1.3758E+00 3.0000E-08 2.8447E-02 2.2133E+02 -4.5649E+00 1.2559E+04
  1.5811E+04 2.1708E+01 1.3538E+00 3.0000E-08 2.8239E-02 2.2037E+02 -4.5839E+00 1.5811E+04
  1.9905E+04 2.7013E+01 1.3324E+00 3.0000E-08 2.8024E-02 2.1947E+02 -4.6035E+00 1.9905E+04
  2.5059E+04 3.3616E+01 1.3115E+00 3.0000E-08 2.7803E-02 2.1861E+02 -4.6228E+00 2.5059E+04
  3.1548E+04 4.1830E+01 1.2911E+00 3.0000E-08 2.7577E-02 2.1780E+02 -4.6414E+00 3.1548E+04
  3.9716E+04 5.2041E+01 1.2710E+00 3.0000E-08 2.7347E-02 2.1702E+02 -4.6588E+00 3.9716E+04
  5.0000E+04 6.4723E+01 1.2514E+00 3.0000E-08 2.7114E-02 2.1627E+02 -4.6743E+00 5.0000E+04
  6.2946E+04 8.0459E+01 1.2321E+00 3.0000E-08 2.6880E-02 2.1554E+02 -4.6877E+00 6.2946E+04
  7.9245E+04 9.9963E+01 1.2131E+00 3.0000E-08 2.6645E-02 2.1482E+02 -4.6984E+00 7.9245E+04
  9.9763E+04 1.2411E+02 1.1944E+00 3.0000E-08 2.6412E-02 2.1410E+02 -4.7060E+00 9.9763E+04
  1.2559E+05 1.5398E+02 1.1760E+00 3.0000E-08 2.6181E-02 2.1338E+02 -4.7104E+00 1.2559E+05
  1.5811E+05 1.9087E+02 1.1577E+00 3.0000E-08 2.5953E-02 2.1264E+02 -4.7113E+00 1.5811E+05
  1.9905E+05 2.3639E+02 1.1396E+00 3.0000E-08 2.5732E-02 2.1188E+02 -4.7085E+00 1.9905E+05
  2.5059E+05 2.9250E+02 1.1216E+00 3.0000E-08 2.5517E-02 2.1108E+02 -4.7023E+00 2.5059E+05
  3.1548E+05 3.6158E+02 1.1037E+00 3.0000E-08 2.5311E-02 2.1023E+02 -4.6925E+00 3.1548E+05
  3.9716E+05 4.4656E+02 1.0858E+00 3.0000E-08 2.5115E-02 2.0932E+02 -4.6796E+00 3.9716E+05
  5.0000E+05 5.5100E+02 1.0678E+00 3.0000E-08 2.4930E-02 2.0835E+02 -4.6637E+00 5.0000E+05
  6.2946E+05 6.7927E+02 1.0499E+00 3.0000E-08 2.4757E-02 2.0730E+02 -4.6452E+00 6.2946E+05
  7.9245E+05 8.3669E+02 1.0319E+00 3.0000E-08 2.4597E-02 2.0617E+02 -4.6245E+00 7.9245E+05
  9.9763E+05 1.0298E+03 1.0139E+00 3.0000E-08 2.4451E-02 2.0495E+02 -4.6021E+00 9.9763E+05
  1.2559E+06 1.2665E+03 9.9572E-01 3.0000E-08 2.4318E-02 2.0365E+02 -4.5782E+00 1.2559E+06
  1.5811E+06 1.5566E+03 9.7752E-01 3.0000E-08 2.4200E-02 2.0226E+02 -4.5531E+00 1.5811E+06
  1.9905E+06 1.9118E+03 9.5928E-01 3.0000E-08 2.4094E-02 2.0079E+02 -4.5270E+00 1.9905E+06
  2.5059E+06 2.3466E+03 9.4102E-01 3.0000E-08 2.4002E-02 1.9924E+02 -4.4998E+00 2.5059E+06
  3.1548E+06 2.8782E+03 9.2278E-01 3.0000E-08 2.3921E-02 1.9761E+02 -4.4712E+00 3.1548E+06
  3.9716E+06 3.5277E+03 9.0460E-01 3.0000E-08 2.3851E-02 1.9593E+02 -4.4410E+00 3.9716E+06
  5.0000E+06 4.3201E+03 8.8654E-01 3.0000E-08 2.3791E-02 1.9419E+02 -4.4085E+00 5.0000E+06
  6.2946E+06 5.2852E+03 8.6863E-01 3.0000E-08 2.3739E-02 1.9241E+02 -4.3730E+00 6.2946E+06
  7.9245E+06 6.4589E+03 8.5095E-01 3.0000E-08 2.3695E-02 1.9060E+02 -4.3338E+00 7.9245E+06
  9.9763E+06 7.8826E+03 8.3354E-01 3.0000E-08 2.3658E-02 1.8876E+02 -4.2897E+00 9.9763E+06
  1.2559E+07 9.6056E+03 8.1646E-01 3.0000E-08 2.3627E-02 1.8692E+02 -4.2398E+00 1.2559E+07
  1.5811E+07 1.1686E+04 7.9975E-01 3.0000E-08 2.3600E-02 1.8507E+02 -4.1835E+00 1.5811E+07
  1.9905E+07 1.4189E+04 7.8347E-01 3.0000E-08 2.3577E-02 1.8324E+02 -4.1196E+00 1.9905E+07
  2.5059E+07 1.7191E+04 7.6767E-01 3.0000E-08 2.3558E-02 1.8142E+02 -4.0474E+00 2.5059E+07
  3.1548E+07 2.0780E+04 7.5238E-01 3.0000E-08 2.3542E-02 1.7963E+02 -3.9661E+00 3.1548E+07
  3.9716E+07 2.5055E+04 7.3766E-01 3.0000E-08 2.3528E-02 1.7788E+02 -3.8754E+00 3.9716E+07
  5.0000E+07 3.0127E+04 7.2353E-01 3.0000E-08 2.3516E-02 1.7617E+02 -3.7750E+00 5.0000E+07