  5.0000E+01 1.1848E-01 8.8802E-01 3.0000E-08 1.2949E-02 2.7295E+02 -1.1294E+01 5.0000E+01
  6.2946E+01 1.1862E-01 8.8812E-01 3.0000E-08 1.2945E-02 2.6909E+02 -9.1621E+00 6.2946E+01
  7.9245E+01 1.1880E-01 8.8809E-01 3.0000E-08 1.2944E-02 2.6654E+02 -7.3859E+00 7.9245E+01
  9.9763E+01 1.1907E-01 8.8800E-01 3.0000E-08 1.2944E-02 2.6487E+02 -5.9314E+00 9.9763E+01
  1.2559E+02 1.1950E-01 8.8791E-01 3.0000E-08 1.2944E-02 2.6379E+02 -4.7552E+00 1.2559E+02
  1.5811E+02 1.2018E-01 8.8783E-01 3.0000E-08 1.2944E-02 2.6310E+02 -3.8127E+00 1.5811E+02
  1.9905E+02 1.2125E-01 8.8776E-01 3.0000E-08 1.2943E-02 2.6267E+02 -3.0630E+00 1.9905E+02
  2.5059E+02 1.2292E-01 8.8765E-01 3.0000E-08 1.2942E-02 2.6239E+02 -2.4708E+00 2.5059E+02
  3.1548E+02 1.2549E-01 8.8744E-01 3.0000E-08 1.2942E-02 2.6220E+02 -2.0067E+00 3.1548E+02
  3.9716E+02 1.2941E-01 8.8704E-01 3.0000E-08 1.2942E-02 2.6202E+02 -1.6464E+00 3.9716E+02
  5.0000E+02 1.1149E-01 8.1825E-01 3.0000E-08 1.4124E-02 2.4081E+02 -1.2224E+00 5.0000E+02
  6.2946E+02 1.1974E-01 8.2302E-01 3.0000E-08 1.4028E-02 2.4230E+02 -1.0378E+00 6.2946E+02
  7.9245E+02 1.3083E-01 8.2671E-01 3.0000E-08 1.3948E-02 2.4352E+02 -8.9787E-01 7.9245E+02
  9.9763E+02 1.4576E-01 8.2927E-01 3.0000E-08 1.3883E-02 2.4446E+02 -7.9324E-01 9.9763E+02
  1.2559E+03 1.6320E-01 8.3094E-01 3.0000E-08 1.3828E-02 2.4517E+02 -7.0498E-01 1.2559E+03
  1.5811E+03 1.8378E-01 8.3202E-01 3.0000E-08 1.3782E-02 2.4573E+02 -6.3058E-01 1.5811E+03
  1.9905E+03 2.0691E-01 8.3277E-01 3.0000E-08 1.3741E-02 2.4621E+02 -5.6404E-01 1.9905E+03
  2.5059E+03 2.3214E-01 8.3353E-01 3.0000E-08 1.3701E-02 2.4667E+02 -5.0269E-01 2.5059E+03
  3.1548E+03 2.5984E-01 8.3456E-01 3.0000E-08 1.3660E-02 2.4719E+02 -4.4677E-01 3.1548E+03
  3.9716E+03 2.9116E-01 8.3606E-01 3.0000E-08 1.3615E-02 2.4782E+02 -3.9724E-01 3.9716E+03
  5.0000E+03 3.2756E-01 8.3816E-01 3.0000E-08 1.3562E-02 2.4861E+02 -3.5434E-01 5.0000E+03
  6.2946E+03 3.7040E-01 8.4092E-01 3.0000E-08 1.3500E-02 2.4958E+02 -3.1742E-01 6.2946E+03
  7.9245E+03 4.2091E-01 8.4431E-01 3.0000E-08 1.3431E-02 2.5073E+02 -2.8554E-01 7.9245E+03
  9.9763E+03 4.8046E-01 8.4812E-01 3.0000E-08 1.3357E-02 2.5199E+02 -2.5787E-01 9.9763E+03
  1.2559E+04 5.5092E-01 8.5217E-01 3.0000E-08 1.3281E-02 2.5331E+02 -2.3387E-01 1.2559E+04
  1.5811E+04 6.3515E-01 8.5652E-01 3.0000E-08 1.3202E-02 2.5472E+02 -2.1318E-01 1.5811E+04
  1.9905E+04 7.3692E-01 8.6131E-01 3.0000E-08 1.3118E-02 2.5624E+02 -1.9545E-01 1.9905E+04
  2.5059E+04 8.6488E-01 8.6803E-01 3.0000E-08 1.3007E-02 2.5833E+02 -1.8086E-01 2.5059E+04
  3.1548E+04 1.0281E+00 8.7710E-01 3.0000E-08 1.2864E-02 2.6112E+02 -1.6906E-01 3.1548E+04
  3.9716E+04 1.2412E+00 8.8968E-01 3.0000E-08 1.2674E-02 2.6495E+02 -1.5988E-01 3.9716E+04
  5.0000E+04 1.5283E+00 9.0787E-01 3.0000E-08 1.2413E-02 2.7044E+02 -1.5329E-01 5.0000E+04
  6.2946E+04 1.9316E+00 9.3570E-01 3.0000E-08 1.2037E-02 2.7881E+02 -1.4935E-01 6.2946E+04
  7.9245E+04 2.5351E+00 9.8197E-01 3.0000E-08 1.1464E-02 2.9268E+02 -1.4838E-01 7.9245E+04
  9.9763E+04 3.5434E+00 1.0696E+00 3.0000E-08 1.0518E-02 3.1890E+02 -1.5127E-01 9.9763E+04
  1.2559E+05 5.6142E+00 1.2688E+00 3.0000E-08 8.8613E-03 3.7840E+02 -1.6051E-01 1.2559E+05
  1.5811E+05 7.4312E+00 1.2340E+00 3.0000E-08 9.1002E-03 3.6824E+02 -1.7356E-01 1.5811E+05
  1.9905E+05 7.6987E+00 1.0571E+00 3.0000E-08 1.0609E-02 3.1566E+02 -1.6676E-01 1.9905E+05
  2.5059E+05 8.3361E+00 9.8649E-01 3.0000E-08 1.1356E-02 2.9474E+02 -1.5370E-01 2.5059E+05
  3.1548E+05 8.9998E+00 9.2927E-01 3.0000E-08 1.2045E-02 2.7776E+02 -1.3993E-01 3.1548E+05
  3.9716E+05 9.8228E+00 8.8821E-01 3.0000E-08 1.2593E-02 2.6558E+02 -1.2693E-01 3.9716E+05
  5.0000E+05 1.1039E+01 8.7458E-01 3.0000E-08 1.2782E-02 2.6158E+02 -1.1508E-01 5.0000E+05
  6.2946E+05 1.2704E+01 8.8135E-01 3.0000E-08 1.2677E-02 2.6367E+02 -1.0439E-01 6.2946E+05
  7.9245E+05 1.4261E+01 8.6627E-01 3.0000E-08 1.2892E-02 2.5922E+02 -9.4708E-02 7.9245E+05
  9.9763E+05 1.4551E+01 7.7575E-01 3.0000E-08 1.4391E-02 2.3218E+02 -8.5718E-02 9.9763E+05
  1.2559E+06 1.4586E+01 6.8493E-01 3.0000E-08 1.6293E-02 2.0503E+02 -7.7301E-02 1.2559E+06
  1.5811E+06 1.5212E+01 6.3073E-01 3.0000E-08 1.7687E-02 1.8884E+02 -6.9543E-02 1.5811E+06
  1.9905E+06 1.6361E+01 5.9985E-01 3.0000E-08 1.8592E-02 1.7962E+02 -6.2473E-02 1.9905E+06
  2.5059E+06 1.8264E+01 5.9212E-01 3.0000E-08 1.8830E-02 1.7733E+02 -5.6120E-02 2.5059E+06
  3.1548E+06 2.0197E+01 5.8366E-01 3.0000E-08 1.9099E-02 1.7482E+02 -5.0010E-02 3.1548E+06
  3.9716E+06 2.1199E+01 5.5037E-01 3.0000E-08 2.0250E-02 1.6486E+02 -4.4216E-02 3.9716E+06
  5.0000E+06 2.4692E+01 5.5496E-01 3.0000E-08 2.0079E-02 1.6625E+02 -4.0572E-02 5.0000E+06
  6.2946E+06 2.7541E+01 5.5016E-01 3.0000E-08 2.0251E-02 1.6483E+02 -3.6260E-02 6.2946E+06
  7.9245E+06 3.0938E+01 5.4874E-01 3.0000E-08 2.0300E-02 1.6441E+02 -3.2438E-02 7.9245E+06
  9.9763E+06 3.4730E+01 5.4742E-01 3.0000E-08 2.0347E-02 1.6403E+02 -2.8995E-02 9.9763E+06
  1.2559E+07 3.9080E+01 5.4708E-01 3.0000E-08 2.0357E-02 1.6393E+02 -2.5932E-02 1.2559E+07
  1.5811E+07 4.3906E+01 5.4593E-01 3.0000E-08 2.0398E-02 1.6360E+02 -2.3191E-02 1.5811E+07
  1.9905E+07 4.9400E+01 5.4569E-01 3.0000E-08 2.0405E-02 1.6353E+02 -2.0736E-02 1.9905E+07
  2.5059E+07 5.5605E+01 5.4581E-01 3.0000E-08 2.0399E-02 1.6358E+02 -1.8536E-02 2.5059E+07
  3.1548E+07 6.2606E+01 5.4622E-01 3.0000E-08 2.0382E-02 1.6370E+02 -1.6565E-02 3.1548E+07
  3.9716E+07 7.0499E+01 5.4682E-01 3.0000E-08 2.0358E-02 1.6389E+02 -1.4800E-02 3.9716E+07
  5.0000E+07 7.9389E+01 5.4758E-01 3.0000E-08 2.0329E-02 1.6412E+02 -1.3221E-02 5.0000E+07