  3.1416E+02 1.8491E-01 2.2494E+00 3.0000E-08 2.8614E-02 1.2364E+05 8.0883E-03 9.9967E-01 -1.4559E-01 3.1416E+02
  3.9550E+02 1.6480E+00 1.0289E+00 3.0000E-08 1.3018E-02 1.7031E+05 5.8716E-03 9.9817E-01 -1.3305E-01 3.9550E+02
  4.9791E+02 1.6209E+00 9.9538E-01 3.0000E-08 1.3187E-02 1.8598E+05 5.3769E-03 9.9801E-01 -1.5339E-01 4.9791E+02
  6.2683E+02 1.5965E+00 9.6584E-01 3.0000E-08 1.3347E-02 2.0178E+05 4.9560E-03 9.9785E-01 -1.7799E-01 6.2683E+02
  7.8913E+02 1.5777E+00 9.4291E-01 3.0000E-08 1.3469E-02 2.1719E+05 4.6042E-03 9.9769E-01 -2.0817E-01 7.8913E+02
  9.9346E+02 1.5658E+00 9.2713E-01 3.0000E-08 1.3539E-02 2.3168E+05 4.3163E-03 9.9754E-01 -2.4569E-01 9.9346E+02
  1.2507E+03 1.5596E+00 9.1765E-01 3.0000E-08 1.3555E-02 2.4472E+05 4.0863E-03 9.9741E-01 -2.9282E-01 1.2507E+03
  1.5745E+03 1.5572E+00 9.1298E-01 3.0000E-08 1.3526E-02 2.5592E+05 3.9075E-03 9.9730E-01 -3.5251E-01 1.5745E+03
  1.9822E+03 1.5549E+00 9.1103E-01 3.0000E-08 1.3471E-02 2.6511E+05 3.7720E-03 9.9722E-01 -4.2840E-01 1.9822E+03
  2.4955E+03 1.5461E+00 9.0834E-01 3.0000E-08 1.3431E-02 2.7237E+05 3.6715E-03 9.9717E-01 -5.2494E-01 2.4955E+03
  3.1416E+03 1.5193E+00 8.9825E-01 3.0000E-08 1.3492E-02 2.7800E+05 3.5971E-03 9.9715E-01 -6.4748E-01 3.1416E+03
  3.9550E+03 1.4570E+00 8.6960E-01 3.0000E-08 1.3826E-02 2.8240E+05 3.5411E-03 9.9716E-01 -8.0243E-01 3.9550E+03
  4.9791E+03 4.4690E-01 8.9084E-01 3.0000E-08 1.6878E-02 2.5757E+05 3.8825E-03 9.9903E-01 -1.1076E+00 4.9791E+03
  6.2683E+03 5.0382E-01 8.5111E-01 3.0000E-08 1.7635E-02 2.5783E+05 3.8785E-03 9.9885E-01 -1.3930E+00 6.2683E+03
  7.8913E+03 1.8883E+00 8.3429E-01 3.0000E-08 1.3817E-02 2.9162E+05 3.4292E-03 9.9620E-01 -1.5505E+00 7.8913E+03
  9.9346E+03 1.9044E+00 8.3907E-01 3.0000E-08 1.3737E-02 2.9268E+05 3.4167E-03 9.9618E-01 -1.9448E+00 9.9346E+03
  1.2507E+04 1.9209E+00 8.4275E-01 3.0000E-08 1.3675E-02 2.9337E+05 3.4087E-03 9.9615E-01 -2.4426E+00 1.2507E+04
  1.5745E+04 1.9404E+00 8.4583E-01 3.0000E-08 1.3623E-02 2.9382E+05 3.4034E-03 9.9612E-01 -3.0703E+00 1.5745E+04
  1.9822E+04 1.9665E+00 8.4885E-01 3.0000E-08 1.3571E-02 2.9413E+05 3.3999E-03 9.9608E-01 -3.8613E+00 1.9822E+04
  2.4955E+04 2.0041E+00 8.5239E-01 3.0000E-08 1.3511E-02 2.9434E+05 3.3974E-03 9.9602E-01 -4.8575E+00 2.4955E+04
  3.1416E+04 2.0602E+00 8.5707E-01 3.0000E-08 1.3432E-02 2.9452E+05 3.3954E-03 9.9593E-01 -6.1117E+00 3.1416E+04
  3.9550E+04 2.1435E+00 8.6341E-01 3.0000E-08 1.3325E-02 2.9467E+05 3.3936E-03 9.9580E-01 -7.6901E+00 3.9550E+04
  4.9791E+04 2.2646E+00 8.7156E-01 3.0000E-08 1.3190E-02 2.9484E+05 3.3917E-03 9.9560E-01 -9.6758E+00 4.9791E+04
  6.2683E+04 2.4341E+00 8.8113E-01 3.0000E-08 1.3031E-02 2.9504E+05 3.3894E-03 9.9533E-01 -1.2173E+01 6.2683E+04
  7.8913E+04 2.6607E+00 8.9137E-01 3.0000E-08 1.2862E-02 2.9528E+05 3.3866E-03 9.9496E-01 -1.5312E+01 7.8913E+04
  9.9346E+04 2.9479E+00 9.0191E-01 3.0000E-08 1.2688E-02 2.9558E+05 3.3832E-03 9.9448E-01 -1.9258E+01 9.9346E+04
  1.2507E+05 3.3100E+00 9.1289E-01 3.0000E-08 1.2509E-02 2.9589E+05 3.3796E-03 9.9389E-01 -2.4218E+01 1.2507E+05
  1.5745E+05 3.7047E+00 9.2635E-01 3.0000E-08 1.2298E-02 2.9625E+05 3.3755E-03 9.9327E-01 -3.0452E+01 1.5745E+05
  1.9822E+05 4.1536E+00 9.4475E-01 3.0000E-08 1.2032E-02 2.9658E+05 3.3717E-03 9.9261E-01 -3.8293E+01 1.9822E+05
  2.4955E+05 4.6787E+00 9.7015E-01 3.0000E-08 1.1694E-02 2.9688E+05 3.3683E-03 9.9191E-01 -4.8160E+01 2.4955E+05
  3.1416E+05 5.3094E+00 1.0062E+00 3.0000E-08 1.1255E-02 2.9715E+05 3.3653E-03 9.9116E-01 -6.0575E+01 3.1416E+05
  3.9550E+05 6.0941E+00 1.0598E+00 3.0000E-08 1.0669E-02 2.9739E+05 3.3626E-03 9.9037E-01 -7.6199E+01 3.9550E+05
  4.9791E+05 7.1275E+00 1.1456E+00 3.0000E-08 9.8559E-03 2.9760E+05 3.3602E-03 9.8960E-01 -9.5860E+01 4.9791E+05
  6.2683E+05 8.6379E+00 1.3011E+00 3.0000E-08 8.6673E-03 2.9779E+05 3.3581E-03 9.8891E-01 -1.2061E+02 6.2683E+05
  7.8913E+05 1.1272E+01 1.6418E+00 3.0000E-08 6.8616E-03 2.9793E+05 3.3564E-03 9.8854E-01 -1.5176E+02 7.8913E+05
  9.9346E+05 1.0650E+01 1.5585E+00 3.0000E-08 7.2264E-03 2.9798E+05 3.3559E-03 9.8859E-01 -1.9102E+02 9.9346E+05
  1.2507E+06 7.3749E+00 9.9591E-01 3.0000E-08 1.1308E-02 2.9799E+05 3.3559E-03 9.8765E-01 -2.4048E+02 1.2507E+06
  1.5745E+06 6.5783E+00 7.8404E-01 3.0000E-08 1.4360E-02 2.9802E+05 3.3555E-03 9.8602E-01 -3.0271E+02 1.5745E+06
  1.9822E+06 6.0276E+00 6.2077E-01 3.0000E-08 1.8131E-02 2.9808E+05 3.3549E-03 9.8384E-01 -3.8102E+02 1.9822E+06
  2.4955E+06 6.9218E+00 6.0701E-01 3.0000E-08 1.8534E-02 2.9814E+05 3.3542E-03 9.8106E-01 -4.7958E+02 2.4955E+06
  3.1416E+06 8.1488E+00 6.0172E-01 3.0000E-08 1.8689E-02 2.9820E+05 3.3534E-03 9.7755E-01 -6.0361E+02 3.1416E+06
  3.9550E+06 9.7492E+00 6.0091E-01 3.0000E-08 1.8705E-02 2.9827E+05 3.3526E-03 9.7317E-01 -7.5973E+02 3.9550E+06
  4.9791E+06 1.1787E+01 6.0250E-01 3.0000E-08 1.8647E-02 2.9835E+05 3.3518E-03 9.6774E-01 -9.5621E+02 4.9791E+06
  6.2683E+06 1.4346E+01 6.0525E-01 3.0000E-08 1.8553E-02 2.9842E+05 3.3510E-03 9.6106E-01 -1.2035E+03 6.2683E+06
  7.8913E+06 1.7527E+01 6.0843E-01 3.0000E-08 1.8447E-02 2.9849E+05 3.3502E-03 9.5289E-01 -1.5147E+03 7.8913E+06
  9.9346E+06 2.1449E+01 6.1159E-01 3.0000E-08 1.8342E-02 2.9857E+05 3.3493E-03 9.4296E-01 -1.9065E+03 9.9346E+06
  1.2507E+07 2.6251E+01 6.1444E-01 3.0000E-08 1.8248E-02 2.9864E+05 3.3485E-03 9.3097E-01 -2.3995E+03 1.2507E+07
  1.5745E+07 3.2083E+01 6.1624E-01 3.0000E-08 1.8186E-02 2.9871E+05 3.3477E-03 9.1654E-01 -3.0201E+03 1.5745E+07
  1.9822E+07 3.9695E+01 6.1748E-01 3.0000E-08 1.8141E-02 2.9878E+05 3.3469E-03 8.9800E-01 -3.8012E+03 1.9822E+07
  2.4955E+07 4.9365E+01 6.1864E-01 3.0000E-08 1.8099E-02 2.9885E+05 3.3461E-03 8.7502E-01 -4.7843E+03 2.4955E+07
  3.1416E+07 5.9813E+01 6.1999E-01 3.0000E-08 1.8051E-02 2.9892E+05 3.3454E-03 8.5097E-01 -6.0217E+03 3.1416E+07
  3.9550E+07 7.1150E+01 6.2053E-01 3.0000E-08 1.8028E-02 2.9898E+05 3.3447E-03 8.2551E-01 -7.5793E+03 3.9550E+07
  4.9791E+07 8.5321E+01 6.2039E-01 3.0000E-08 1.8025E-02 2.9904E+05 3.3440E-03 7.9457E-01 -9.5398E+03 4.9791E+07
  6.2683E+07 1.0201E+02 6.2011E-01 3.0000E-08 1.8026E-02 2.9910E+05 3.3433E-03 7.5958E-01 -1.2007E+04 6.2683E+07
  7.8913E+07 1.2181E+02 6.1979E-01 3.0000E-08 1.8028E-02 2.9916E+05 3.3427E-03 7.2003E-01 -1.5114E+04 7.8913E+07
  9.9346E+07 1.4502E+02 6.1928E-01 3.0000E-08 1.8036E-02 2.9921E+05 3.3421E-03 6.7617E-01 -1.9024E+04 9.9346E+07
  1.2507E+08 1.7206E+02 6.1833E-01 3.0000E-08 1.8058E-02 2.9926E+05 3.3415E-03 6.2818E-01 -2.3945E+04 1.2507E+08
  1.5745E+08 2.0338E+02 6.1734E-01 3.0000E-08 1.8081E-02 2.9931E+05 3.3410E-03 5.7675E-01 -3.0141E+04 1.5745E+08
  1.9822E+08 2.3948E+02 6.1633E-01 3.0000E-08 1.8106E-02 2.9935E+05 3.3405E-03 5.2257E-01 -3.7939E+04 1.9822E+08
  2.4955E+08 2.8091E+02 6.1531E-01 3.0000E-08 1.8131E-02 2.9940E+05 3.3401E-03 4.6653E-01 -4.7756E+04 2.4955E+08
  3.1416E+08 3.2830E+02 6.1428E-01 3.0000E-08 1.8157E-02 2.9943E+05 3.3396E-03 4.0966E-01 -6.0114E+04 3.1416E+08