  5.0000E+01 1.8491E-01 2.2494E+00 3.0000E-08 2.8614E-02 2.8506E+02 -7.2363E+00 5.0000E+01
  6.2946E+01 1.6480E+00 1.0289E+00 3.0000E-08 1.3018E-02 5.7418E+02 -3.7897E+01 6.2946E+01
  7.9245E+01 1.6209E+00 9.9538E-01 3.0000E-08 1.3187E-02 5.0809E+02 -3.6369E+01 7.9245E+01
  9.9763E+01 1.5965E+00 9.6584E-01 3.0000E-08 1.3347E-02 4.5176E+02 -3.4513E+01 9.9763E+01
  1.2559E+02 1.5777E+00 9.4291E-01 3.0000E-08 1.3469E-02 4.0512E+02 -3.2295E+01 1.2559E+02
  1.5811E+02 1.5658E+00 9.2713E-01 3.0000E-08 1.3539E-02 3.6750E+02 -2.9703E+01 1.5811E+02
  1.9905E+02 1.5596E+00 9.1765E-01 3.0000E-08 1.3555E-02 3.3797E+02 -2.6775E+01 1.9905E+02
  2.5059E+02 1.5572E+00 9.1298E-01 3.0000E-08 1.3526E-02 3.1545E+02 -2.3604E+01 2.5059E+02
  3.1548E+02 1.5549E+00 9.1103E-01 3.0000E-08 1.3471E-02 2.9873E+02 -2.0332E+01 3.1548E+02
  3.9716E+02 1.5461E+00 9.0834E-01 3.0000E-08 1.3431E-02 2.8612E+02 -1.7123E+01 3.9716E+02
  5.0000E+02 1.5193E+00 8.9825E-01 3.0000E-08 1.3492E-02 2.7498E+02 -1.4128E+01 5.0000E+02
  6.2946E+02 1.4570E+00 8.6960E-01 3.0000E-08 1.3826E-02 2.6135E+02 -1.1464E+01 6.2946E+02
  7.9245E+02 4.4690E-01 8.9084E-01 3.0000E-08 1.6878E-02 2.3032E+02 -2.8665E+00 7.9245E+02
  9.9763E+02 5.0382E-01 8.5111E-01 3.0000E-08 1.7635E-02 2.2017E+02 -2.6896E+00 9.9763E+02
  1.2559E+03 1.8883E+00 8.3429E-01 3.0000E-08 1.3817E-02 2.5063E+02 -7.9940E+00 1.2559E+03
  1.5811E+03 1.9044E+00 8.3907E-01 3.0000E-08 1.3737E-02 2.5031E+02 -6.4282E+00 1.5811E+03
  1.9905E+03 1.9209E+00 8.4275E-01 3.0000E-08 1.3675E-02 2.5029E+02 -5.1592E+00 1.9905E+03
  2.5059E+03 1.9404E+00 8.4583E-01 3.0000E-08 1.3623E-02 2.5049E+02 -4.1407E+00 2.5059E+03
  3.1548E+03 1.9665E+00 8.4885E-01 3.0000E-08 1.3571E-02 2.5094E+02 -3.3298E+00 3.1548E+03
  3.9716E+03 2.0041E+00 8.5239E-01 3.0000E-08 1.3511E-02 2.5173E+02 -2.6887E+00 3.9716E+03
  5.0000E+03 2.0602E+00 8.5707E-01 3.0000E-08 1.3432E-02 2.5297E+02 -2.1856E+00 5.0000E+03
  6.2946E+03 2.1435E+00 8.6341E-01 3.0000E-08 1.3325E-02 2.5480E+02 -1.7942E+00 6.2946E+03
  7.9245E+03 2.2646E+00 8.7156E-01 3.0000E-08 1.3190E-02 2.5723E+02 -1.4923E+00 7.9245E+03
  9.9763E+03 2.4341E+00 8.8113E-01 3.0000E-08 1.3031E-02 2.6016E+02 -1.2607E+00 9.9763E+03
  1.2559E+04 2.6607E+00 8.9137E-01 3.0000E-08 1.2862E-02 2.6335E+02 -1.0823E+00 1.2559E+04
  1.5811E+04 2.9479E+00 9.0191E-01 3.0000E-08 1.2688E-02 2.6669E+02 -9.4151E-01 1.5811E+04
  1.9905E+04 3.3100E+00 9.1289E-01 3.0000E-08 1.2509E-02 2.7020E+02 -8.2974E-01 1.9905E+04
  2.5059E+04 3.7047E+00 9.2635E-01 3.0000E-08 1.2298E-02 2.7450E+02 -7.2705E-01 2.5059E+04
  3.1548E+04 4.1536E+00 9.4475E-01 3.0000E-08 1.2032E-02 2.8025E+02 -6.3494E-01 3.1548E+04
  3.9716E+04 4.6787E+00 9.7015E-01 3.0000E-08 1.1694E-02 2.8806E+02 -5.5327E-01 3.9716E+04
  5.0000E+04 5.3094E+00 1.0062E+00 3.0000E-08 1.1255E-02 2.9902E+02 -4.8090E-01 5.0000E+04
  6.2946E+04 6.0941E+00 1.0598E+00 3.0000E-08 1.0669E-02 3.1519E+02 -4.1630E-01 6.2946E+04
  7.9245E+04 7.1275E+00 1.1456E+00 3.0000E-08 9.8559E-03 3.4094E+02 -3.5779E-01 7.9245E+04
  9.9763E+04 8.6379E+00 1.3011E+00 3.0000E-08 8.6673E-03 3.8745E+02 -3.0326E-01 9.9763E+04
  1.2559E+05 1.1272E+01 1.6418E+00 3.0000E-08 6.8616E-03 4.8917E+02 -2.4908E-01 1.2559E+05
  1.5811E+05 1.0650E+01 1.5585E+00 3.0000E-08 7.2264E-03 4.6440E+02 -1.9693E-01 1.5811E+05
  1.9905E+05 7.3749E+00 9.9591E-01 3.0000E-08 1.1308E-02 2.9677E+02 -1.6956E-01 1.9905E+05
  2.5059E+05 6.5783E+00 7.8404E-01 3.0000E-08 1.4360E-02 2.3367E+02 -1.5262E-01 2.5059E+05
  3.1548E+05 6.0276E+00 6.2077E-01 3.0000E-08 1.8131E-02 1.8504E+02 -1.4031E-01 3.1548E+05
  3.9716E+05 6.9218E+00 6.0701E-01 3.0000E-08 1.8534E-02 1.8097E+02 -1.3089E-01 3.9716E+05
  5.0000E+05 8.1488E+00 6.0172E-01 3.0000E-08 1.8689E-02 1.7944E+02 -1.2348E-01 5.0000E+05
  6.2946E+05 9.7492E+00 6.0091E-01 3.0000E-08 1.8705E-02 1.7924E+02 -1.1750E-01 6.2946E+05
  7.9245E+05 1.1787E+01 6.0250E-01 3.0000E-08 1.8647E-02 1.7975E+02 -1.1256E-01 7.9245E+05
  9.9763E+05 1.4346E+01 6.0525E-01 3.0000E-08 1.8553E-02 1.8062E+02 -1.0832E-01 9.9763E+05
  1.2559E+06 1.7527E+01 6.0843E-01 3.0000E-08 1.8447E-02 1.8161E+02 -1.0457E-01 1.2559E+06
  1.5811E+06 2.1449E+01 6.1159E-01 3.0000E-08 1.8342E-02 1.8260E+02 -1.0113E-01 1.5811E+06
  1.9905E+06 2.6251E+01 6.1444E-01 3.0000E-08 1.8248E-02 1.8350E+02 -9.7856E-02 1.9905E+06
  2.5059E+06 3.2083E+01 6.1624E-01 3.0000E-08 1.8186E-02 1.8408E+02 -9.4721E-02 2.5059E+06
  3.1548E+06 3.9695E+01 6.1748E-01 3.0000E-08 1.8141E-02 1.8449E+02 -9.2904E-02 3.1548E+06
  3.9716E+06 4.9365E+01 6.1864E-01 3.0000E-08 1.8099E-02 1.8488E+02 -9.1603E-02 3.9716E+06
  5.0000E+06 5.9813E+01 6.1999E-01 3.0000E-08 1.8051E-02 1.8533E+02 -8.7971E-02 5.0000E+06
  6.2946E+06 7.1150E+01 6.2053E-01 3.0000E-08 1.8028E-02 1.8553E+02 -8.3051E-02 6.2946E+06
  7.9245E+06 8.5321E+01 6.2039E-01 3.0000E-08 1.8025E-02 1.8552E+02 -7.9128E-02 7.9245E+06
  9.9763E+06 1.0201E+02 6.2011E-01 3.0000E-08 1.8026E-02 1.8548E+02 -7.5181E-02 9.9763E+06
  1.2559E+07 1.2181E+02 6.1979E-01 3.0000E-08 1.8028E-02 1.8542E+02 -7.1344E-02 1.2559E+07
  1.5811E+07 1.4502E+02 6.1928E-01 3.0000E-08 1.8036E-02 1.8530E+02 -6.7525E-02 1.5811E+07
  1.9905E+07 1.7206E+02 6.1833E-01 3.0000E-08 1.8058E-02 1.8504E+02 -6.3738E-02 1.9905E+07
  2.5059E+07 2.0338E+02 6.1734E-01 3.0000E-08 1.8081E-02 1.8478E+02 -5.9942E-02 2.5059E+07
  3.1548E+07 2.3948E+02 6.1633E-01 3.0000E-08 1.8106E-02 1.8450E+02 -5.6157E-02 3.1548E+07
  3.9716E+07 2.8091E+02 6.1531E-01 3.0000E-08 1.8131E-02 1.8422E+02 -5.2411E-02 3.9716E+07
  5.0000E+07 3.2830E+02 6.1428E-01 3.0000E-08 1.8157E-02 1.8394E+02 -4.8735E-02 5.0000E+07