  3.1416E+02 1.6730E+00 1.0623E+00 3.0000E-08 1.2871E-02 1.5517E+05 6.4445E-03 9.9833E-01 -1.1600E-01 3.1416E+02
  3.9550E+02 2.0899E-01 2.2116E+00 3.0000E-08 2.8794E-02 1.2446E+05 8.0347E-03 9.9962E-01 -1.8207E-01 3.9550E+02
  4.9791E+02 1.7339E+00 7.7000E-01 3.0000E-08 1.4979E-02 1.7575E+05 5.6898E-03 9.9772E-01 -1.6232E-01 4.9791E+02
  6.2683E+02 1.7360E+00 7.7090E-01 3.0000E-08 1.4961E-02 1.9172E+05 5.2159E-03 9.9751E-01 -1.8733E-01 6.2683E+02
  7.8913E+02 1.7391E+00 7.7225E-01 3.0000E-08 1.4935E-02 2.0778E+05 4.8128E-03 9.9730E-01 -2.1761E-01 7.8913E+02
  9.9346E+02 1.7436E+00 7.7427E-01 3.0000E-08 1.4896E-02 2.2345E+05 4.4753E-03 9.9710E-01 -2.5474E-01 9.9346E+02
  1.2507E+03 1.7504E+00 7.7721E-01 3.0000E-08 1.4839E-02 2.3818E+05 4.1985E-03 9.9691E-01 -3.0086E-01 1.2507E+03
  1.5745E+03 1.7599E+00 7.8139E-01 3.0000E-08 1.4760E-02 2.5142E+05 3.9775E-03 9.9674E-01 -3.5882E-01 1.5745E+03
  1.9822E+03 1.7729E+00 7.8703E-01 3.0000E-08 1.4653E-02 2.6272E+05 3.8063E-03 9.9659E-01 -4.3229E-01 1.9822E+03
  2.4955E+03 1.7894E+00 7.9422E-01 3.0000E-08 1.4520E-02 2.7186E+05 3.6783E-03 9.9647E-01 -5.2592E-01 2.4955E+03
  3.1416E+03 1.8090E+00 8.0267E-01 3.0000E-08 1.4366E-02 2.7887E+05 3.5859E-03 9.9638E-01 -6.4546E-01 3.1416E+03
  3.9550E+03 1.8302E+00 8.1170E-01 3.0000E-08 1.4205E-02 2.8398E+05 3.5213E-03 9.9631E-01 -7.9796E-01 3.9550E+03
  4.9791E+03 1.8514E+00 8.2044E-01 3.0000E-08 1.4053E-02 2.8757E+05 3.4775E-03 9.9626E-01 -9.9205E-01 4.9791E+03
  6.2683E+03 1.8708E+00 8.2808E-01 3.0000E-08 1.3922E-02 2.9000E+05 3.4483E-03 9.9623E-01 -1.2384E+00 6.2683E+03
  7.8913E+03 5.5631E-01 8.0800E-01 3.0000E-08 1.8535E-02 2.5816E+05 3.8735E-03 9.9867E-01 -1.7514E+00 7.8913E+03
  9.9346E+03 6.1441E-01 7.7325E-01 3.0000E-08 1.9304E-02 2.5863E+05 3.8666E-03 9.9846E-01 -2.2009E+00 9.9346E+03
  1.2507E+04 6.8601E-01 7.4912E-01 3.0000E-08 1.9842E-02 2.5921E+05 3.8579E-03 9.9823E-01 -2.7646E+00 1.2507E+04
  1.5745E+04 7.7669E-01 7.3368E-01 3.0000E-08 2.0160E-02 2.5987E+05 3.8481E-03 9.9796E-01 -3.4715E+00 1.5745E+04
  1.9822E+04 8.9182E-01 7.2445E-01 3.0000E-08 2.0310E-02 2.6058E+05 3.8377E-03 9.9764E-01 -4.3585E+00 1.9822E+04
  2.4955E+04 1.0380E+00 7.1942E-01 3.0000E-08 2.0340E-02 2.6131E+05 3.8269E-03 9.9724E-01 -5.4717E+00 2.4955E+04
  3.1416E+04 1.2236E+00 7.1720E-01 3.0000E-08 2.0290E-02 2.6205E+05 3.8161E-03 9.9675E-01 -6.8690E+00 3.1416E+04
  3.9550E+04 1.4600E+00 7.1687E-01 3.0000E-08 2.0186E-02 2.6279E+05 3.8053E-03 9.9613E-01 -8.6230E+00 3.9550E+04
  4.9791E+04 1.7618E+00 7.1789E-01 3.0000E-08 2.0043E-02 2.6354E+05 3.7944E-03 9.9535E-01 -1.0825E+01 4.9791E+04
  6.2683E+04 2.1485E+00 7.1994E-01 3.0000E-08 1.9873E-02 2.6430E+05 3.7836E-03 9.9437E-01 -1.3589E+01 6.2683E+04
  7.8913E+04 2.6451E+00 7.2282E-01 3.0000E-08 1.9681E-02 2.6506E+05 3.7727E-03 9.9312E-01 -1.7058E+01 7.8913E+04
  9.9346E+04 3.2839E+00 7.2637E-01 3.0000E-08 1.9472E-02 2.6583E+05 3.7618E-03 9.9153E-01 -2.1412E+01 9.9346E+04
  1.2507E+05 4.1068E+00 7.3032E-01 3.0000E-08 1.9253E-02 2.6661E+05 3.7508E-03 9.8951E-01 -2.6878E+01 1.2507E+05
  1.5745E+05 5.1648E+00 7.3480E-01 3.0000E-08 1.9022E-02 2.6741E+05 3.7396E-03 9.8695E-01 -3.3736E+01 1.5745E+05
  1.9822E+05 6.5260E+00 7.3924E-01 3.0000E-08 1.8795E-02 2.6821E+05 3.7284E-03 9.8368E-01 -4.2344E+01 1.9822E+05
  2.4955E+05 8.2803E+00 7.4358E-01 3.0000E-08 1.8571E-02 2.6903E+05 3.7170E-03 9.7952E-01 -5.3146E+01 2.4955E+05
  3.1416E+05 1.0543E+01 7.4777E-01 3.0000E-08 1.8353E-02 2.6987E+05 3.7055E-03 9.7423E-01 -6.6699E+01 3.1416E+05
  3.9550E+05 1.3460E+01 7.5175E-01 3.0000E-08 1.8141E-02 2.7072E+05 3.6938E-03 9.6749E-01 -8.3705E+01 3.9550E+05
  4.9791E+05 1.7218E+01 7.5546E-01 3.0000E-08 1.7935E-02 2.7160E+05 3.6819E-03 9.5893E-01 -1.0504E+02 4.9791E+05
  6.2683E+05 2.2051E+01 7.5882E-01 3.0000E-08 1.7738E-02 2.7250E+05 3.6698E-03 9.4810E-01 -1.3180E+02 6.2683E+05
  7.8913E+05 2.8251E+01 7.6178E-01 3.0000E-08 1.7550E-02 2.7342E+05 3.6574E-03 9.3446E-01 -1.6536E+02 7.8913E+05
  9.9346E+05 3.6180E+01 7.6425E-01 3.0000E-08 1.7372E-02 2.7437E+05 3.6447E-03 9.1739E-01 -2.0746E+02 9.9346E+05
  1.2507E+06 4.6279E+01 7.6616E-01 3.0000E-08 1.7205E-02 2.7535E+05 3.6318E-03 8.9617E-01 -2.6025E+02 1.2507E+06
  1.5745E+06 5.9083E+01 7.6743E-01 3.0000E-08 1.7052E-02 2.7635E+05 3.6186E-03 8.7004E-01 -3.2645E+02 1.5745E+06
  1.9822E+06 7.5226E+01 7.6800E-01 3.0000E-08 1.6913E-02 2.7738E+05 3.6052E-03 8.3823E-01 -4.0945E+02 1.9822E+06
  2.4955E+06 9.5453E+01 7.6780E-01 3.0000E-08 1.6790E-02 2.7843E+05 3.5916E-03 8.0002E-01 -5.1352E+02 2.4955E+06
  3.1416E+06 1.2062E+02 7.6678E-01 3.0000E-08 1.6684E-02 2.7950E+05 3.5778E-03 7.5484E-01 -6.4400E+02 3.1416E+06
  3.9550E+06 1.5171E+02 7.6491E-01 3.0000E-08 1.6595E-02 2.8059E+05 3.5640E-03 7.0242E-01 -8.0762E+02 3.9550E+06
  4.9791E+06 1.8980E+02 7.6216E-01 3.0000E-08 1.6526E-02 2.8168E+05 3.5501E-03 6.4290E-01 -1.0128E+03 4.9791E+06
  6.2683E+06 2.3608E+02 7.5856E-01 3.0000E-08 1.6475E-02 2.8278E+05 3.5363E-03 5.7699E-01 -1.2700E+03 6.2683E+06
  7.8913E+06 2.9182E+02 7.5413E-01 3.0000E-08 1.6445E-02 2.8388E+05 3.5226E-03 5.0603E-01 -1.5927E+03 7.8913E+06
  9.9346E+06 3.5839E+02 7.4893E-01 3.0000E-08 1.6433E-02 2.8496E+05 3.5092E-03 4.3207E-01 -1.9975E+03 9.9346E+06
  1.2507E+07 4.3721E+02 7.4303E-01 3.0000E-08 1.6441E-02 2.8603E+05 3.4961E-03 3.5772E-01 -2.5053E+03 1.2507E+07
  1.5745E+07 5.2979E+02 7.3657E-01 3.0000E-08 1.6466E-02 2.8707E+05 3.4835E-03 2.8589E-01 -3.1426E+03 1.5745E+07
  1.9822E+07 6.3753E+02 7.2959E-01 3.0000E-08 1.6508E-02 2.8807E+05 3.4713E-03 2.1961E-01 -3.9425E+03 1.9822E+07
  2.4955E+07 7.6240E+02 7.2211E-01 3.0000E-08 1.6569E-02 2.8904E+05 3.4598E-03 1.6112E-01 -4.9467E+03 2.4955E+07
  3.1416E+07 9.0684E+02 7.1474E-01 3.0000E-08 1.6635E-02 2.8995E+05 3.4488E-03 1.1225E-01 -6.2079E+03 3.1416E+07
  3.9550E+07 1.0711E+03 7.0715E-01 3.0000E-08 1.6714E-02 2.9082E+05 3.4386E-03 7.4032E-02 -7.7920E+03 3.9550E+07