  3.1416E+02 9.0796E-02 7.7717E-01 3.0000E-08 1.4913E-02 2.8911E+05 3.4588E-03 9.9980E-01 -6.2259E-02 3.1416E+02
  3.9550E+02 9.1164E-02 7.7918E-01 3.0000E-08 1.4872E-02 2.9077E+05 3.4391E-03 9.9980E-01 -7.7933E-02 3.9550E+02
  4.9791E+02 9.1590E-02 7.8116E-01 3.0000E-08 1.4833E-02 2.9186E+05 3.4263E-03 9.9980E-01 -9.7746E-02 4.9791E+02
  6.2683E+02 9.2147E-02 7.8340E-01 3.0000E-08 1.4788E-02 2.9257E+05 3.4180E-03 9.9980E-01 -1.2276E-01 6.2683E+02
  7.8913E+02 9.2929E-02 7.8623E-01 3.0000E-08 1.4733E-02 2.9303E+05 3.4126E-03 9.9980E-01 -1.5430E-01 7.8913E+02
  9.9346E+02 9.4054E-02 7.8990E-01 3.0000E-08 1.4662E-02 2.9333E+05 3.4091E-03 9.9979E-01 -1.9405E-01 9.9346E+02
  1.2507E+03 9.5666E-02 7.9457E-01 3.0000E-08 1.4573E-02 2.9354E+05 3.4066E-03 9.9979E-01 -2.4412E-01 1.2507E+03
  1.5745E+03 9.7942E-02 8.0016E-01 3.0000E-08 1.4467E-02 2.9370E+05 3.4048E-03 9.9979E-01 -3.0716E-01 1.5745E+03
  1.9822E+03 1.0111E-01 8.0634E-01 3.0000E-08 1.4350E-02 2.9383E+05 3.4033E-03 9.9978E-01 -3.8652E-01 1.9822E+03
  2.4955E+03 1.0548E-01 8.1256E-01 3.0000E-08 1.4233E-02 2.9396E+05 3.4019E-03 9.9978E-01 -4.8639E-01 2.4955E+03
  3.1416E+03 1.3528E-01 8.8634E-01 3.0000E-08 1.2944E-02 2.9515E+05 3.3881E-03 9.9974E-01 -6.0985E-01 3.1416E+03
  3.9550E+03 1.4380E-01 8.8527E-01 3.0000E-08 1.2947E-02 2.9531E+05 3.3862E-03 9.9972E-01 -7.6734E-01 3.9550E+03
  4.9791E+03 1.5572E-01 8.8376E-01 3.0000E-08 1.2953E-02 2.9552E+05 3.3839E-03 9.9970E-01 -9.6535E-01 4.9791E+03
  6.2683E+03 1.7216E-01 8.8174E-01 3.0000E-08 1.2960E-02 2.9578E+05 3.3809E-03 9.9967E-01 -1.2142E+00 6.2683E+03
  7.8913E+03 1.9139E-01 8.7927E-01 3.0000E-08 1.2970E-02 2.9610E+05 3.3773E-03 9.9963E-01 -1.5270E+00 7.8913E+03
  9.9346E+03 2.1408E-01 8.7654E-01 3.0000E-08 1.2981E-02 2.9643E+05 3.3734E-03 9.9958E-01 -1.9202E+00 9.9346E+03
  1.2507E+04 2.3933E-01 8.7366E-01 3.0000E-08 1.2994E-02 2.9678E+05 3.3695E-03 9.9953E-01 -2.4146E+00 1.2507E+04
  1.5745E+04 2.6638E-01 8.7079E-01 3.0000E-08 1.3009E-02 2.9710E+05 3.3659E-03 9.9948E-01 -3.0365E+00 1.5745E+04
  1.9822E+04 2.9529E-01 8.6798E-01 3.0000E-08 1.3026E-02 2.9739E+05 3.3626E-03 9.9942E-01 -3.8190E+00 1.9822E+04
  2.4955E+04 3.2695E-01 8.6518E-01 3.0000E-08 1.3046E-02 2.9764E+05 3.3597E-03 9.9936E-01 -4.8037E+00 2.4955E+04
  3.1416E+04 3.6239E-01 8.6230E-01 3.0000E-08 1.3070E-02 2.9787E+05 3.3572E-03 9.9929E-01 -6.0430E+00 3.1416E+04
  3.9550E+04 4.0229E-01 8.5926E-01 3.0000E-08 1.3099E-02 2.9806E+05 3.3550E-03 9.9921E-01 -7.6026E+00 3.9550E+04
  4.9791E+04 4.4706E-01 8.5608E-01 3.0000E-08 1.3132E-02 2.9824E+05 3.3530E-03 9.9912E-01 -9.5654E+00 4.9791E+04
  6.2683E+04 4.9715E-01 8.5286E-01 3.0000E-08 1.3168E-02 2.9840E+05 3.3512E-03 9.9902E-01 -1.2036E+01 6.2683E+04
  7.8913E+04 5.5325E-01 8.4972E-01 3.0000E-08 1.3204E-02 2.9855E+05 3.3496E-03 9.9891E-01 -1.5145E+01 7.8913E+04
  9.9346E+04 6.1614E-01 8.4668E-01 3.0000E-08 1.3240E-02 2.9867E+05 3.3481E-03 9.9878E-01 -1.9058E+01 9.9346E+04
  1.2507E+05 6.8667E-01 8.4377E-01 3.0000E-08 1.3275E-02 2.9879E+05 3.3469E-03 9.9864E-01 -2.3983E+01 1.2507E+05
  1.5745E+05 7.6563E-01 8.4075E-01 3.0000E-08 1.3314E-02 2.9889E+05 3.3457E-03 9.9847E-01 -3.0183E+01 1.5745E+05
  1.9822E+05 8.5395E-01 8.3756E-01 3.0000E-08 1.3357E-02 2.9898E+05 3.3447E-03 9.9829E-01 -3.7987E+01 1.9822E+05
  2.4955E+05 9.5275E-01 8.3417E-01 3.0000E-08 1.3404E-02 2.9906E+05 3.3438E-03 9.9809E-01 -4.7809E+01 2.4955E+05
  3.1416E+05 1.0633E+00 8.3059E-01 3.0000E-08 1.3455E-02 2.9913E+05 3.3430E-03 9.9786E-01 -6.0174E+01 3.1416E+05
  3.9550E+05 1.1870E+00 8.2678E-01 3.0000E-08 1.3511E-02 2.9920E+05 3.3423E-03 9.9760E-01 -7.5738E+01 3.9550E+05
  4.9791E+05 1.3254E+00 8.2272E-01 3.0000E-08 1.3572E-02 2.9926E+05 3.3416E-03 9.9731E-01 -9.5329E+01 4.9791E+05
  6.2683E+05 1.4804E+00 8.1839E-01 3.0000E-08 1.3639E-02 2.9931E+05 3.3410E-03 9.9698E-01 -1.1999E+02 6.2683E+05
  7.8913E+05 1.6539E+00 8.1375E-01 3.0000E-08 1.3713E-02 2.9936E+05 3.3405E-03 9.9661E-01 -1.5104E+02 7.8913E+05
  9.9346E+05 1.8484E+00 8.0878E-01 3.0000E-08 1.3793E-02 2.9940E+05 3.3400E-03 9.9619E-01 -1.9012E+02 9.9346E+05
  1.2507E+06 2.0665E+00 8.0344E-01 3.0000E-08 1.3882E-02 2.9943E+05 3.3396E-03 9.9571E-01 -2.3932E+02 1.2507E+06
  1.5745E+06 2.3113E+00 7.9770E-01 3.0000E-08 1.3978E-02 2.9947E+05 3.3393E-03 9.9517E-01 -3.0125E+02 1.5745E+06
  1.9822E+06 2.5864E+00 7.9154E-01 3.0000E-08 1.4084E-02 2.9950E+05 3.3389E-03 9.9456E-01 -3.7921E+02 1.9822E+06
  2.4955E+06 2.8961E+00 7.8494E-01 3.0000E-08 1.4200E-02 2.9953E+05 3.3386E-03 9.9386E-01 -4.7735E+02 2.4955E+06
  3.1416E+06 3.2451E+00 7.7787E-01 3.0000E-08 1.4327E-02 2.9955E+05 3.3383E-03 9.9306E-01 -6.0090E+02 3.1416E+06
  3.9550E+06 3.6393E+00 7.7032E-01 3.0000E-08 1.4465E-02 2.9957E+05 3.3381E-03 9.9214E-01 -7.5644E+02 3.9550E+06
  4.9791E+06 4.0853E+00 7.6232E-01 3.0000E-08 1.4615E-02 2.9959E+05 3.3379E-03 9.9109E-01 -9.5223E+02 4.9791E+06
  6.2683E+06 4.5909E+00 7.5387E-01 3.0000E-08 1.4777E-02 2.9961E+05 3.3377E-03 9.8989E-01 -1.1987E+03 6.2683E+06
  7.8913E+06 5.1654E+00 7.4503E-01 3.0000E-08 1.4951E-02 2.9963E+05 3.3375E-03 9.8849E-01 -1.5090E+03 7.8913E+06
  9.9346E+06 5.8190E+00 7.3586E-01 3.0000E-08 1.5136E-02 2.9964E+05 3.3373E-03 9.8689E-01 -1.8996E+03 9.9346E+06
  1.2507E+07 6.5640E+00 7.2645E-01 3.0000E-08 1.5330E-02 2.9965E+05 3.3372E-03 9.8503E-01 -2.3914E+03 1.2507E+07
  1.5745E+07 7.4115E+00 7.1656E-01 3.0000E-08 1.5541E-02 2.9967E+05 3.3370E-03 9.8289E-01 -3.0105E+03 1.5745E+07
  1.9822E+07 8.6802E+00 7.2145E-01 3.0000E-08 1.5434E-02 2.9968E+05 3.3369E-03 9.8012E-01 -3.7898E+03 1.9822E+07
  2.4955E+07 8.8311E+00 6.9372E-01 3.0000E-08 1.6050E-02 2.9969E+05 3.3368E-03 9.7898E-01 -4.7709E+03 2.4955E+07
  3.1416E+07 1.1819E+01 6.8270E-01 3.0000E-08 1.6308E-02 2.9970E+05 3.3367E-03 9.7153E-01 -6.0061E+03 3.1416E+07
  3.9550E+07 1.2864E+01 6.7698E-01 3.0000E-08 1.6445E-02 2.9971E+05 3.3366E-03 9.6879E-01 -7.5609E+03 3.9550E+07
  4.9791E+07 1.4224E+01 6.7017E-01 3.0000E-08 1.6611E-02 2.9972E+05 3.3365E-03 9.6521E-01 -9.5184E+03 4.9791E+07
  6.2683E+07 1.5934E+01 6.6363E-01 3.0000E-08 1.6774E-02 2.9972E+05 3.3364E-03 9.6073E-01 -1.1983E+04 6.2683E+07
  7.8913E+07 1.7937E+01 6.5762E-01 3.0000E-08 1.6927E-02 2.9973E+05 3.3363E-03 9.5552E-01 -1.5085E+04 7.8913E+07
  9.9346E+07 2.0300E+01 6.5161E-01 3.0000E-08 1.7082E-02 2.9974E+05 3.3363E-03 9.4936E-01 -1.8990E+04 9.9346E+07
  1.2507E+08 2.3004E+01 6.4601E-01 3.0000E-08 1.7229E-02 2.9974E+05 3.3362E-03 9.4233E-01 -2.3907E+04 1.2507E+08
  1.5745E+08 2.6081E+01 6.4099E-01 3.0000E-08 1.7364E-02 2.9975E+05 3.3361E-03 9.3438E-01 -3.0097E+04 1.5745E+08
  1.9822E+08 2.9571E+01 6.3651E-01 3.0000E-08 1.7485E-02 2.9975E+05 3.3361E-03 9.2543E-01 -3.7889E+04 1.9822E+08
  2.4955E+08 3.3521E+01 6.3253E-01 3.0000E-08 1.7595E-02 2.9976E+05 3.3360E-03 9.1539E-01 -4.7699E+04 2.4955E+08
  3.1416E+08 3.7986E+01 6.2900E-01 3.0000E-08 1.7693E-02 2.9976E+05 3.3360E-03 9.0417E-01 -6.0048E+04 3.1416E+08