  3.1416E+02 1.1848E-01 8.8802E-01 3.0000E-08 1.2949E-02 2.8894E+05 3.4610E-03 9.9977E-01 -6.2297E-02 3.1416E+02
  3.9550E+02 1.1862E-01 8.8812E-01 3.0000E-08 1.2945E-02 2.9105E+05 3.4358E-03 9.9977E-01 -7.7857E-02 3.9550E+02
  4.9791E+02 1.1880E-01 8.8809E-01 3.0000E-08 1.2944E-02 2.9245E+05 3.4194E-03 9.9977E-01 -9.7549E-02 4.9791E+02
  6.2683E+02 1.1907E-01 8.8800E-01 3.0000E-08 1.2944E-02 2.9336E+05 3.4088E-03 9.9977E-01 -1.2243E-01 6.2683E+02
  7.8913E+02 1.1950E-01 8.8791E-01 3.0000E-08 1.2944E-02 2.9395E+05 3.4020E-03 9.9977E-01 -1.5382E-01 7.8913E+02
  9.9346E+02 1.2018E-01 8.8783E-01 3.0000E-08 1.2944E-02 2.9433E+05 3.3976E-03 9.9977E-01 -1.9339E-01 9.9346E+02
  1.2507E+03 1.2125E-01 8.8776E-01 3.0000E-08 1.2943E-02 2.9458E+05 3.3946E-03 9.9976E-01 -2.4326E-01 1.2507E+03
  1.5745E+03 1.2292E-01 8.8765E-01 3.0000E-08 1.2942E-02 2.9476E+05 3.3926E-03 9.9976E-01 -3.0606E-01 1.5745E+03
  1.9822E+03 1.2549E-01 8.8744E-01 3.0000E-08 1.2942E-02 2.9490E+05 3.3910E-03 9.9976E-01 -3.8513E-01 1.9822E+03
  2.4955E+03 1.2941E-01 8.8704E-01 3.0000E-08 1.2942E-02 2.9502E+05 3.3896E-03 9.9975E-01 -4.8464E-01 2.4955E+03
  3.1416E+03 1.1149E-01 8.1825E-01 3.0000E-08 1.4124E-02 2.9409E+05 3.4003E-03 9.9976E-01 -6.1205E-01 3.1416E+03
  3.9550E+03 1.1974E-01 8.2302E-01 3.0000E-08 1.4028E-02 2.9425E+05 3.3984E-03 9.9975E-01 -7.7011E-01 3.9550E+03
  4.9791E+03 1.3083E-01 8.2671E-01 3.0000E-08 1.3948E-02 2.9445E+05 3.3962E-03 9.9973E-01 -9.6886E-01 4.9791E+03
  6.2683E+03 1.4576E-01 8.2927E-01 3.0000E-08 1.3883E-02 2.9470E+05 3.3933E-03 9.9970E-01 -1.2187E+00 6.2683E+03
  7.8913E+03 1.6320E-01 8.3094E-01 3.0000E-08 1.3828E-02 2.9499E+05 3.3900E-03 9.9966E-01 -1.5327E+00 7.8913E+03
  9.9346E+03 1.8378E-01 8.3202E-01 3.0000E-08 1.3782E-02 2.9529E+05 3.3865E-03 9.9962E-01 -1.9276E+00 9.9346E+03
  1.2507E+04 2.0691E-01 8.3277E-01 3.0000E-08 1.3741E-02 2.9560E+05 3.3829E-03 9.9958E-01 -2.4242E+00 1.2507E+04
  1.5745E+04 2.3214E-01 8.3353E-01 3.0000E-08 1.3701E-02 2.9590E+05 3.3795E-03 9.9953E-01 -3.0488E+00 1.5745E+04
  1.9822E+04 2.5984E-01 8.3456E-01 3.0000E-08 1.3660E-02 2.9616E+05 3.3765E-03 9.9947E-01 -3.8348E+00 1.9822E+04
  2.4955E+04 2.9116E-01 8.3606E-01 3.0000E-08 1.3615E-02 2.9639E+05 3.3739E-03 9.9941E-01 -4.8240E+00 2.4955E+04
  3.1416E+04 3.2756E-01 8.3816E-01 3.0000E-08 1.3562E-02 2.9660E+05 3.3716E-03 9.9934E-01 -6.0688E+00 3.1416E+04
  3.9550E+04 3.7040E-01 8.4092E-01 3.0000E-08 1.3500E-02 2.9678E+05 3.3694E-03 9.9925E-01 -7.6354E+00 3.9550E+04
  4.9791E+04 4.2091E-01 8.4431E-01 3.0000E-08 1.3431E-02 2.9695E+05 3.3675E-03 9.9916E-01 -9.6069E+00 4.9791E+04
  6.2683E+04 4.8046E-01 8.4812E-01 3.0000E-08 1.3357E-02 2.9711E+05 3.3658E-03 9.9904E-01 -1.2088E+01 6.2683E+04
  7.8913E+04 5.5092E-01 8.5217E-01 3.0000E-08 1.3281E-02 2.9725E+05 3.3642E-03 9.9891E-01 -1.5211E+01 7.8913E+04
  9.9346E+04 6.3515E-01 8.5652E-01 3.0000E-08 1.3202E-02 2.9738E+05 3.3627E-03 9.9875E-01 -1.9141E+01 9.9346E+04
  1.2507E+05 7.3692E-01 8.6131E-01 3.0000E-08 1.3118E-02 2.9749E+05 3.3614E-03 9.9856E-01 -2.4088E+01 1.2507E+05
  1.5745E+05 8.6488E-01 8.6803E-01 3.0000E-08 1.3007E-02 2.9760E+05 3.3602E-03 9.9832E-01 -3.0314E+01 1.5745E+05
  1.9822E+05 1.0281E+00 8.7710E-01 3.0000E-08 1.2864E-02 2.9770E+05 3.3591E-03 9.9803E-01 -3.8150E+01 1.9822E+05
  2.4955E+05 1.2412E+00 8.8968E-01 3.0000E-08 1.2674E-02 2.9779E+05 3.3580E-03 9.9766E-01 -4.8013E+01 2.4955E+05
  3.1416E+05 1.5283E+00 9.0787E-01 3.0000E-08 1.2413E-02 2.9788E+05 3.3570E-03 9.9717E-01 -6.0426E+01 3.1416E+05
  3.9550E+05 1.9316E+00 9.3570E-01 3.0000E-08 1.2037E-02 2.9797E+05 3.3561E-03 9.9654E-01 -7.6051E+01 3.9550E+05
  4.9791E+05 2.5351E+00 9.8197E-01 3.0000E-08 1.1464E-02 2.9805E+05 3.3551E-03 9.9567E-01 -9.5715E+01 4.9791E+05
  6.2683E+05 3.5434E+00 1.0696E+00 3.0000E-08 1.0518E-02 2.9814E+05 3.3542E-03 9.9445E-01 -1.2046E+02 6.2683E+05
  7.8913E+05 5.6142E+00 1.2688E+00 3.0000E-08 8.8613E-03 2.9823E+05 3.3531E-03 9.9260E-01 -1.5161E+02 7.8913E+05
  9.9346E+05 7.4312E+00 1.2340E+00 3.0000E-08 9.1002E-03 2.9841E+05 3.3511E-03 9.8996E-01 -1.9075E+02 9.9346E+05
  1.2507E+06 7.6987E+00 1.0571E+00 3.0000E-08 1.0609E-02 2.9862E+05 3.3488E-03 9.8787E-01 -2.3997E+02 1.2507E+06
  1.5745E+06 8.3361E+00 9.8649E-01 3.0000E-08 1.1356E-02 2.9877E+05 3.3470E-03 9.8595E-01 -3.0195E+02 1.5745E+06
  1.9822E+06 8.9998E+00 9.2927E-01 3.0000E-08 1.2045E-02 2.9890E+05 3.3456E-03 9.8393E-01 -3.7997E+02 1.9822E+06
  2.4955E+06 9.8228E+00 8.8821E-01 3.0000E-08 1.2593E-02 2.9900E+05 3.3445E-03 9.8167E-01 -4.7819E+02 2.4955E+06
  3.1416E+06 1.1039E+01 8.7458E-01 3.0000E-08 1.2782E-02 2.9909E+05 3.3435E-03 9.7912E-01 -6.0183E+02 3.1416E+06
  3.9550E+06 1.2704E+01 8.8135E-01 3.0000E-08 1.2677E-02 2.9916E+05 3.3426E-03 9.7619E-01 -7.5747E+02 3.9550E+06
  4.9791E+06 1.4261E+01 8.6627E-01 3.0000E-08 1.2892E-02 2.9923E+05 3.3419E-03 9.7286E-01 -9.5337E+02 4.9791E+06
  6.2683E+06 1.4551E+01 7.7575E-01 3.0000E-08 1.4391E-02 2.9930E+05 3.3412E-03 9.6915E-01 -1.2000E+03 6.2683E+06
  7.8913E+06 1.4586E+01 6.8493E-01 3.0000E-08 1.6293E-02 2.9935E+05 3.3406E-03 9.6505E-01 -1.5104E+03 7.8913E+06
  9.9346E+06 1.5212E+01 6.3073E-01 3.0000E-08 1.7687E-02 2.9940E+05 3.3400E-03 9.6052E-01 -1.9012E+03 9.9346E+06
  1.2507E+07 1.6361E+01 5.9985E-01 3.0000E-08 1.8592E-02 2.9944E+05 3.3395E-03 9.5547E-01 -2.3931E+03 1.2507E+07
  1.5745E+07 1.8264E+01 5.9212E-01 3.0000E-08 1.8830E-02 2.9948E+05 3.3391E-03 9.4980E-01 -3.0124E+03 1.5745E+07
  1.9822E+07 2.0197E+01 5.8366E-01 3.0000E-08 1.9099E-02 2.9951E+05 3.3387E-03 9.4387E-01 -3.7919E+03 1.9822E+07
  2.4955E+07 2.1199E+01 5.5037E-01 3.0000E-08 2.0250E-02 2.9954E+05 3.3384E-03 9.3773E-01 -4.7732E+03 2.4955E+07
  3.1416E+07 2.4692E+01 5.5496E-01 3.0000E-08 2.0079E-02 2.9957E+05 3.3381E-03 9.2843E-01 -6.0086E+03 3.1416E+07
  3.9550E+07 2.7541E+01 5.5016E-01 3.0000E-08 2.0251E-02 2.9960E+05 3.3378E-03 9.1985E-01 -7.5638E+03 3.9550E+07
  4.9791E+07 3.0938E+01 5.4874E-01 3.0000E-08 2.0300E-02 2.9962E+05 3.3376E-03 9.1020E-01 -9.5215E+03 4.9791E+07
  6.2683E+07 3.4730E+01 5.4742E-01 3.0000E-08 2.0347E-02 2.9964E+05 3.3374E-03 8.9954E-01 -1.1986E+04 6.2683E+07
  7.8913E+07 3.9080E+01 5.4708E-01 3.0000E-08 2.0357E-02 2.9965E+05 3.3372E-03 8.8763E-01 -1.5089E+04 7.8913E+07
  9.9346E+07 4.3906E+01 5.4593E-01 3.0000E-08 2.0398E-02 2.9967E+05 3.3370E-03 8.7442E-01 -1.8995E+04 9.9346E+07
  1.2507E+08 4.9400E+01 5.4569E-01 3.0000E-08 2.0405E-02 2.9968E+05 3.3369E-03 8.5981E-01 -2.3912E+04 1.2507E+08
  1.5745E+08 5.5605E+01 5.4581E-01 3.0000E-08 2.0399E-02 2.9969E+05 3.3367E-03 8.4369E-01 -3.0102E+04 1.5745E+08
  1.9822E+08 6.2606E+01 5.4622E-01 3.0000E-08 2.0382E-02 2.9970E+05 3.3366E-03 8.2595E-01 -3.7895E+04 1.9822E+08
  2.4955E+08 7.0499E+01 5.4682E-01 3.0000E-08 2.0358E-02 2.9971E+05 3.3365E-03 8.0648E-01 -4.7705E+04 2.4955E+08
  3.1416E+08 7.9389E+01 5.4758E-01 3.0000E-08 2.0329E-02 2.9972E+05 3.3364E-03 7.8516E-01 -6.0056E+04 3.1416E+08