  5.0000E+01 9.1753E-02 9.1483E-01 3.0000E-08 1.8051E-02 2.3065E+02 -8.7013E+00 5.0000E+01
  6.2946E+01 9.6225E-02 9.1214E-01 3.0000E-08 1.7972E-02 2.2919E+02 -7.3466E+00 6.2946E+01
  7.9245E+01 1.0254E-01 9.1011E-01 3.0000E-08 1.7887E-02 2.2840E+02 -6.2785E+00 7.9245E+01
  9.9763E+01 1.1139E-01 9.0815E-01 3.0000E-08 1.7794E-02 2.2804E+02 -5.4586E+00 9.9763E+01
  1.2559E+02 1.2357E-01 9.0600E-01 3.0000E-08 1.7689E-02 2.2798E+02 -4.8414E+00 1.2559E+02
  1.5811E+02 1.3991E-01 9.0379E-01 3.0000E-08 1.7566E-02 2.2819E+02 -4.3791E+00 1.5811E+02
  1.9905E+02 1.6119E-01 9.0210E-01 3.0000E-08 1.7416E-02 2.2874E+02 -4.0260E+00 1.9905E+02
  2.5059E+02 1.8828E-01 9.0193E-01 3.0000E-08 1.7233E-02 2.2978E+02 -3.7445E+00 2.5059E+02
  3.1548E+02 2.2242E-01 9.0429E-01 3.0000E-08 1.7012E-02 2.3144E+02 -3.5112E+00 3.1548E+02
  3.9716E+02 2.6552E-01 9.0929E-01 3.0000E-08 1.6768E-02 2.3366E+02 -3.3165E+00 3.9716E+02
  5.0000E+02 3.1940E-01 9.1442E-01 3.0000E-08 1.6560E-02 2.3571E+02 -3.1556E+00 5.0000E+02
  6.2946E+02 3.8263E-01 9.1193E-01 3.0000E-08 1.6530E-02 2.3554E+02 -3.0148E+00 6.2946E+02
  7.9245E+02 1.3487E+00 8.1328E-01 3.0000E-08 1.4647E-02 2.4192E+02 -9.1987E+00 7.9245E+02
  9.9763E+02 1.2162E+00 7.3867E-01 3.0000E-08 1.5972E-02 2.1867E+02 -7.3500E+00 9.9763E+02
  1.2559E+03 1.0995E+00 6.6930E-01 3.0000E-08 1.7479E-02 1.9777E+02 -5.8736E+00 1.2559E+03
  1.5811E+03 1.0173E+00 6.1743E-01 3.0000E-08 1.8823E-02 1.8235E+02 -4.7038E+00 1.5811E+03
  1.9905E+03 9.6704E-01 5.8266E-01 3.0000E-08 1.9850E-02 1.7208E+02 -3.7761E+00 1.9905E+03
  2.5059E+03 9.4097E-01 5.6061E-01 3.0000E-08 2.0560E-02 1.6560E+02 -3.0398E+00 2.5059E+03
  3.1548E+03 9.3306E-01 5.4722E-01 3.0000E-08 2.1010E-02 1.6169E+02 -2.4562E+00 3.1548E+03
  3.9716E+03 9.4022E-01 5.3965E-01 3.0000E-08 2.1264E-02 1.5950E+02 -1.9953E+00 3.9716E+03
  5.0000E+03 9.6200E-01 5.3608E-01 3.0000E-08 2.1374E-02 1.5850E+02 -1.6333E+00 5.0000E+03
  6.2946E+03 1.0002E+00 5.3548E-01 3.0000E-08 2.1370E-02 1.5839E+02 -1.3509E+00 6.2946E+03
  7.9245E+03 1.0583E+00 5.3721E-01 3.0000E-08 2.1273E-02 1.5897E+02 -1.1321E+00 7.9245E+03
  9.9763E+03 1.1409E+00 5.4079E-01 3.0000E-08 2.1104E-02 1.6013E+02 -9.6320E-01 9.9763E+03
  1.2559E+04 1.2522E+00 5.4570E-01 3.0000E-08 2.0882E-02 1.6169E+02 -8.3225E-01 1.2559E+04
  1.5811E+04 1.3943E+00 5.5150E-01 3.0000E-08 2.0627E-02 1.6354E+02 -7.2845E-01 1.5811E+04
  1.9905E+04 1.5732E+00 5.5777E-01 3.0000E-08 2.0359E-02 1.6554E+02 -6.4560E-01 1.9905E+04
  2.5059E+04 1.7720E+00 5.6499E-01 3.0000E-08 2.0060E-02 1.6784E+02 -5.7031E-01 2.5059E+04
  3.1548E+04 1.9977E+00 5.7344E-01 3.0000E-08 1.9728E-02 1.7050E+02 -5.0322E-01 3.1548E+04
  3.9716E+04 2.2589E+00 5.8345E-01 3.0000E-08 1.9358E-02 1.7362E+02 -4.4425E-01 3.9716E+04
  5.0000E+04 2.5657E+00 5.9558E-01 3.0000E-08 1.8936E-02 1.7735E+02 -3.9267E-01 5.0000E+04
  6.2946E+04 2.9322E+00 6.1078E-01 3.0000E-08 1.8441E-02 1.8200E+02 -3.4760E-01 6.2946E+04
  7.9245E+04 3.3799E+00 6.3075E-01 3.0000E-08 1.7835E-02 1.8806E+02 -3.0820E-01 7.9245E+04
  9.9763E+04 3.9451E+00 6.5851E-01 3.0000E-08 1.7065E-02 1.9644E+02 -2.7372E-01 9.9763E+04
  1.2559E+05 4.6934E+00 6.9943E-01 3.0000E-08 1.6051E-02 2.0875E+02 -2.4353E-01 1.2559E+05
  1.5811E+05 5.7393E+00 7.6199E-01 3.0000E-08 1.4721E-02 2.2752E+02 -2.1714E-01 1.5811E+05
  1.9905E+05 7.2135E+00 8.5094E-01 3.0000E-08 1.3172E-02 2.5418E+02 -1.9412E-01 1.9905E+05
  2.5059E+05 8.9877E+00 9.3937E-01 3.0000E-08 1.1923E-02 2.8069E+02 -1.7404E-01 2.5059E+05
  3.1548E+05 1.0680E+01 9.8779E-01 3.0000E-08 1.1331E-02 2.9525E+02 -1.5622E-01 3.1548E+05
  3.9716E+05 1.2381E+01 1.0144E+00 3.0000E-08 1.1028E-02 3.0329E+02 -1.4008E-01 3.9716E+05
  5.0000E+05 1.4391E+01 1.0464E+00 3.0000E-08 1.0684E-02 3.1297E+02 -1.2538E-01 5.0000E+05
  6.2946E+05 1.6830E+01 1.0882E+00 3.0000E-08 1.0269E-02 3.2553E+02 -1.1201E-01 6.2946E+05
  7.9245E+05 1.8940E+01 1.0898E+00 3.0000E-08 1.0250E-02 3.2608E+02 -9.9979E-02 7.9245E+05
  9.9763E+05 1.9069E+01 9.7451E-01 3.0000E-08 1.1458E-02 2.9164E+02 -8.9417E-02 9.9763E+05
  1.2559E+06 1.8671E+01 8.4461E-01 3.0000E-08 1.3215E-02 2.5281E+02 -8.0243E-02 1.2559E+06
  1.5811E+06 1.9014E+01 7.5951E-01 3.0000E-08 1.4692E-02 2.2737E+02 -7.2184E-02 1.5811E+06
  1.9905E+06 2.0029E+01 7.0540E-01 3.0000E-08 1.5814E-02 2.1120E+02 -6.5034E-02 1.9905E+06
  2.5059E+06 2.1986E+01 6.8285E-01 3.0000E-08 1.6332E-02 2.0448E+02 -5.8578E-02 2.5059E+06
  3.1548E+06 2.5061E+01 6.6099E-01 3.0000E-08 1.6868E-02 1.9795E+02 -5.4794E-02 3.1548E+06
  3.9716E+06 2.4669E+01 6.1010E-01 3.0000E-08 1.8272E-02 1.8273E+02 -4.6417E-02 3.9716E+06
  5.0000E+06 2.8519E+01 6.0047E-01 3.0000E-08 1.8561E-02 1.7986E+02 -4.3308E-02 5.0000E+06
  6.2946E+06 3.1606E+01 5.8658E-01 3.0000E-08 1.8997E-02 1.7572E+02 -3.9027E-02 6.2946E+06
  7.9245E+06 3.5235E+01 5.7624E-01 3.0000E-08 1.9335E-02 1.7264E+02 -3.5180E-02 7.9245E+06
  9.9763E+06 3.9371E+01 5.6737E-01 3.0000E-08 1.9635E-02 1.6999E+02 -3.1713E-02 9.9763E+06
  1.2559E+07 4.4070E+01 5.5974E-01 3.0000E-08 1.9900E-02 1.6772E+02 -2.8582E-02 1.2559E+07
  1.5811E+07 4.9246E+01 5.5172E-01 3.0000E-08 2.0187E-02 1.6532E+02 -2.5739E-02 1.5811E+07
  1.9905E+07 5.5169E+01 5.4556E-01 3.0000E-08 2.0413E-02 1.6348E+02 -2.3163E-02 1.9905E+07
  2.5059E+07 6.1860E+01 5.4033E-01 3.0000E-08 2.0608E-02 1.6192E+02 -2.0830E-02 2.5059E+07
  3.1548E+07 6.9407E+01 5.3589E-01 3.0000E-08 2.0777E-02 1.6060E+02 -1.8718E-02 3.1548E+07
  3.9716E+07 7.7911E+01 5.3212E-01 3.0000E-08 2.0923E-02 1.5947E+02 -1.6809E-02 3.9716E+07
  5.0000E+07 8.7484E+01 5.2889E-01 3.0000E-08 2.1049E-02 1.5851E+02 -1.5084E-02 5.0000E+07