  5.0000E+01 1.6730E+00 1.0623E+00 3.0000E-08 1.2871E-02 6.4953E+02 -3.9147E+01 5.0000E+01
  6.2946E+01 2.0899E-01 2.2116E+00 3.0000E-08 2.8794E-02 2.8101E+02 -6.6436E+00 6.2946E+01
  7.9245E+01 1.7339E+00 7.7000E-01 3.0000E-08 1.4979E-02 4.8795E+02 -3.8651E+01 7.9245E+01
  9.9763E+01 1.7360E+00 7.7090E-01 3.0000E-08 1.4961E-02 4.3834E+02 -3.7131E+01 9.9763E+01
  1.2559E+02 1.7391E+00 7.7225E-01 3.0000E-08 1.4935E-02 3.9541E+02 -3.5271E+01 1.2559E+02
  1.5811E+02 1.7436E+00 7.7427E-01 3.0000E-08 1.4896E-02 3.5886E+02 -3.3040E+01 1.5811E+02
  1.9905E+02 1.7504E+00 7.7721E-01 3.0000E-08 1.4839E-02 3.2845E+02 -3.0431E+01 1.9905E+02
  2.5059E+02 1.7599E+00 7.8139E-01 3.0000E-08 1.4760E-02 3.0397E+02 -2.7485E+01 2.5059E+02
  3.1548E+02 1.7729E+00 7.8703E-01 3.0000E-08 1.4653E-02 2.8514E+02 -2.4297E+01 3.1548E+02
  3.9716E+02 1.7894E+00 7.9422E-01 3.0000E-08 1.4520E-02 2.7147E+02 -2.1015E+01 3.9716E+02
  5.0000E+02 1.8090E+00 8.0267E-01 3.0000E-08 1.4366E-02 2.6222E+02 -1.7808E+01 5.0000E+02
  6.2946E+02 1.8302E+00 8.1170E-01 3.0000E-08 1.4205E-02 2.5647E+02 -1.4829E+01 6.2946E+02
  7.9245E+02 1.8514E+00 8.2044E-01 3.0000E-08 1.4053E-02 2.5318E+02 -1.2178E+01 7.9245E+02
  9.9763E+02 1.8708E+00 8.2808E-01 3.0000E-08 1.3922E-02 2.5145E+02 -9.9003E+00 9.9763E+02
  1.2559E+03 5.5631E-01 8.0800E-01 3.0000E-08 1.8535E-02 2.0919E+02 -2.4873E+00 1.2559E+03
  1.5811E+03 6.1441E-01 7.7325E-01 3.0000E-08 1.9304E-02 2.0046E+02 -2.2820E+00 1.5811E+03
  1.9905E+03 6.8601E-01 7.4912E-01 3.0000E-08 1.9842E-02 1.9457E+02 -2.0904E+00 1.9905E+03
  2.5059E+03 7.7669E-01 7.3368E-01 3.0000E-08 2.0160E-02 1.9098E+02 -1.9205E+00 2.5059E+03
  3.1548E+03 8.9182E-01 7.2445E-01 3.0000E-08 2.0310E-02 1.8905E+02 -1.7747E+00 3.1548E+03
  3.9716E+03 1.0380E+00 7.1942E-01 3.0000E-08 2.0340E-02 1.8822E+02 -1.6528E+00 3.9716E+03
  5.0000E+03 1.2236E+00 7.1720E-01 3.0000E-08 2.0290E-02 1.8815E+02 -1.5529E+00 5.0000E+03
  6.2946E+03 1.4600E+00 7.1687E-01 3.0000E-08 2.0186E-02 1.8858E+02 -1.4728E+00 6.2946E+03
  7.9245E+03 1.7618E+00 7.1789E-01 3.0000E-08 2.0043E-02 1.8937E+02 -1.4100E+00 7.9245E+03
  9.9763E+03 2.1485E+00 7.1994E-01 3.0000E-08 1.9873E-02 1.9044E+02 -1.3622E+00 9.9763E+03
  1.2559E+04 2.6451E+00 7.2282E-01 3.0000E-08 1.9681E-02 1.9175E+02 -1.3270E+00 1.2559E+04
  1.5811E+04 3.2839E+00 7.2637E-01 3.0000E-08 1.9472E-02 1.9324E+02 -1.3023E+00 1.5811E+04
  1.9905E+04 4.1068E+00 7.3032E-01 3.0000E-08 1.9253E-02 1.9486E+02 -1.2868E+00 1.9905E+04
  2.5059E+04 5.1648E+00 7.3480E-01 3.0000E-08 1.9022E-02 1.9664E+02 -1.2777E+00 2.5059E+04
  3.1548E+04 6.5260E+00 7.3924E-01 3.0000E-08 1.8795E-02 1.9842E+02 -1.2748E+00 3.1548E+04
  3.9716E+04 8.2803E+00 7.4358E-01 3.0000E-08 1.8571E-02 2.0020E+02 -1.2774E+00 3.9716E+04
  5.0000E+04 1.0543E+01 7.4777E-01 3.0000E-08 1.8353E-02 2.0195E+02 -1.2846E+00 5.0000E+04
  6.2946E+04 1.3460E+01 7.5175E-01 3.0000E-08 1.8141E-02 2.0367E+02 -1.2959E+00 6.2946E+04
  7.9245E+04 1.7218E+01 7.5546E-01 3.0000E-08 1.7935E-02 2.0534E+02 -1.3103E+00 7.9245E+04
  9.9763E+04 2.2051E+01 7.5882E-01 3.0000E-08 1.7738E-02 2.0694E+02 -1.3270E+00 9.9763E+04
  1.2559E+05 2.8251E+01 7.6178E-01 3.0000E-08 1.7550E-02 2.0846E+02 -1.3453E+00 1.2559E+05
  1.5811E+05 3.6180E+01 7.6425E-01 3.0000E-08 1.7372E-02 2.0987E+02 -1.3640E+00 1.5811E+05
  1.9905E+05 4.6279E+01 7.6616E-01 3.0000E-08 1.7205E-02 2.1114E+02 -1.3825E+00 1.9905E+05
  2.5059E+05 5.9083E+01 7.6743E-01 3.0000E-08 1.7052E-02 2.1227E+02 -1.3996E+00 2.5059E+05
  3.1548E+05 7.5226E+01 7.6800E-01 3.0000E-08 1.6913E-02 2.1322E+02 -1.4145E+00 3.1548E+05
  3.9716E+05 9.5453E+01 7.6780E-01 3.0000E-08 1.6790E-02 2.1398E+02 -1.4260E+00 3.9716E+05
  5.0000E+05 1.2062E+02 7.6678E-01 3.0000E-08 1.6684E-02 2.1452E+02 -1.4333E+00 5.0000E+05
  6.2946E+05 1.5171E+02 7.6491E-01 3.0000E-08 1.6595E-02 2.1483E+02 -1.4354E+00 6.2946E+05
  7.9245E+05 1.8980E+02 7.6216E-01 3.0000E-08 1.6526E-02 2.1489E+02 -1.4316E+00 7.9245E+05
  9.9763E+05 2.3608E+02 7.5856E-01 3.0000E-08 1.6475E-02 2.1471E+02 -1.4212E+00 9.9763E+05
  1.2559E+06 2.9182E+02 7.5413E-01 3.0000E-08 1.6445E-02 2.1428E+02 -1.4037E+00 1.2559E+06
  1.5811E+06 3.5839E+02 7.4893E-01 3.0000E-08 1.6433E-02 2.1360E+02 -1.3789E+00 1.5811E+06
  1.9905E+06 4.3721E+02 7.4303E-01 3.0000E-08 1.6441E-02 2.1271E+02 -1.3468E+00 1.9905E+06
  2.5059E+06 5.2979E+02 7.3657E-01 3.0000E-08 1.6466E-02 2.1161E+02 -1.3078E+00 2.5059E+06
  3.1548E+06 6.3753E+02 7.2959E-01 3.0000E-08 1.6508E-02 2.1033E+02 -1.2621E+00 3.1548E+06
  3.9716E+06 7.6240E+02 7.2211E-01 3.0000E-08 1.6569E-02 2.0886E+02 -1.2113E+00 3.9716E+06
  5.0000E+06 9.0684E+02 7.1474E-01 3.0000E-08 1.6635E-02 2.0737E+02 -1.1563E+00 5.0000E+06
  6.2946E+06 1.0711E+03 7.0715E-01 3.0000E-08 1.6714E-02 2.0577E+02 -1.0966E+00 6.2946E+06
  7.9245E+06 1.2572E+03 6.9929E-01 3.0000E-08 1.6809E-02 2.0404E+02 -1.0340E+00 7.9245E+06
  9.9763E+06 1.4702E+03 6.9190E-01 3.0000E-08 1.6901E-02 2.0239E+02 -9.7077E-01 9.9763E+06
  1.2559E+07 1.7116E+03 6.8469E-01 3.0000E-08 1.6998E-02 2.0075E+02 -9.0719E-01 1.2559E+07
  1.5811E+07 1.9834E+03 6.7767E-01 3.0000E-08 1.7100E-02 1.9912E+02 -8.4375E-01 1.5811E+07
  1.9905E+07 2.2904E+03 6.7099E-01 3.0000E-08 1.7201E-02 1.9754E+02 -7.8168E-01 1.9905E+07
  2.5059E+07 2.6363E+03 6.6464E-01 3.0000E-08 1.7302E-02 1.9603E+02 -7.2153E-01 2.5059E+07
  3.1548E+07 3.0257E+03 6.5865E-01 3.0000E-08 1.7402E-02 1.9458E+02 -6.6380E-01 3.1548E+07
  3.9716E+07 3.4640E+03 6.5302E-01 3.0000E-08 1.7499E-02 1.9320E+02 -6.0887E-01 3.9716E+07
  5.0000E+07 3.9569E+03 6.4774E-01 3.0000E-08 1.7594E-02 1.9189E+02 -5.5698E-01 5.0000E+07