  3.1416E+02 9.1753E-02 9.1483E-01 3.0000E-08 1.8051E-02 2.4317E+05 4.1123E-03 9.9980E-01 -7.4021E-02 3.1416E+02
  3.9550E+02 9.6225E-02 9.1214E-01 3.0000E-08 1.7972E-02 2.4492E+05 4.0830E-03 9.9978E-01 -9.2523E-02 3.9550E+02
  4.9791E+02 1.0254E-01 9.1011E-01 3.0000E-08 1.7887E-02 2.4634E+05 4.0594E-03 9.9977E-01 -1.1581E-01 4.9791E+02
  6.2683E+02 1.1139E-01 9.0815E-01 3.0000E-08 1.7794E-02 2.4762E+05 4.0384E-03 9.9975E-01 -1.4504E-01 6.2683E+02
  7.8913E+02 1.2357E-01 9.0600E-01 3.0000E-08 1.7689E-02 2.4890E+05 4.0177E-03 9.9972E-01 -1.8166E-01 7.8913E+02
  9.9346E+02 1.3991E-01 9.0379E-01 3.0000E-08 1.7566E-02 2.5024E+05 3.9962E-03 9.9969E-01 -2.2747E-01 9.9346E+02
  1.2507E+03 1.6119E-01 9.0210E-01 3.0000E-08 1.7416E-02 2.5166E+05 3.9736E-03 9.9964E-01 -2.8475E-01 1.2507E+03
  1.5745E+03 1.8828E-01 9.0193E-01 3.0000E-08 1.7233E-02 2.5311E+05 3.9509E-03 9.9959E-01 -3.5642E-01 1.5745E+03
  1.9822E+03 2.2242E-01 9.0429E-01 3.0000E-08 1.7012E-02 2.5448E+05 3.9296E-03 9.9952E-01 -4.4629E-01 1.9822E+03
  2.4955E+03 2.6552E-01 9.0929E-01 3.0000E-08 1.6768E-02 2.5567E+05 3.9113E-03 9.9943E-01 -5.5924E-01 2.4955E+03
  3.1416E+03 3.1940E-01 9.1442E-01 3.0000E-08 1.6560E-02 2.5659E+05 3.8973E-03 9.9932E-01 -7.0151E-01 3.1416E+03
  3.9550E+03 3.8263E-01 9.1193E-01 3.0000E-08 1.6530E-02 2.5721E+05 3.8879E-03 9.9918E-01 -8.8103E-01 3.9550E+03
  4.9791E+03 1.3487E+00 8.1328E-01 3.0000E-08 1.4647E-02 2.8592E+05 3.4975E-03 9.9718E-01 -9.9778E-01 4.9791E+03
  6.2683E+03 1.2162E+00 7.3867E-01 3.0000E-08 1.5972E-02 2.8871E+05 3.4637E-03 9.9720E-01 -1.2440E+00 6.2683E+03
  7.8913E+03 1.0995E+00 6.6930E-01 3.0000E-08 1.7479E-02 2.9082E+05 3.4386E-03 9.9721E-01 -1.5547E+00 7.8913E+03
  9.9346E+03 1.0173E+00 6.1743E-01 3.0000E-08 1.8823E-02 2.9234E+05 3.4207E-03 9.9720E-01 -1.9471E+00 9.9346E+03
  1.2507E+04 9.6704E-01 5.8266E-01 3.0000E-08 1.9850E-02 2.9340E+05 3.4083E-03 9.9719E-01 -2.4424E+00 1.2507E+04
  1.5745E+04 9.4097E-01 5.6061E-01 3.0000E-08 2.0560E-02 2.9414E+05 3.3998E-03 9.9716E-01 -3.0671E+00 1.5745E+04
  1.9822E+04 9.3306E-01 5.4722E-01 3.0000E-08 2.1010E-02 2.9465E+05 3.3938E-03 9.9711E-01 -3.8544E+00 1.9822E+04
  2.4955E+04 9.4022E-01 5.3965E-01 3.0000E-08 2.1264E-02 2.9502E+05 3.3896E-03 9.9705E-01 -4.8464E+00 2.4955E+04
  3.1416E+04 9.6200E-01 5.3608E-01 3.0000E-08 2.1374E-02 2.9530E+05 3.3863E-03 9.9697E-01 -6.0954E+00 3.1416E+04
  3.9550E+04 1.0002E+00 5.3548E-01 3.0000E-08 2.1370E-02 2.9554E+05 3.3837E-03 9.9684E-01 -7.6676E+00 3.9550E+04
  4.9791E+04 1.0583E+00 5.3721E-01 3.0000E-08 2.1273E-02 2.9575E+05 3.3812E-03 9.9667E-01 -9.6460E+00 4.9791E+04
  6.2683E+04 1.1409E+00 5.4079E-01 3.0000E-08 2.1104E-02 2.9597E+05 3.3787E-03 9.9644E-01 -1.2135E+01 6.2683E+04
  7.8913E+04 1.2522E+00 5.4570E-01 3.0000E-08 2.0882E-02 2.9621E+05 3.3760E-03 9.9613E-01 -1.5264E+01 7.8913E+04
  9.9346E+04 1.3943E+00 5.5150E-01 3.0000E-08 2.0627E-02 2.9647E+05 3.3731E-03 9.9574E-01 -1.9200E+01 9.9346E+04
  1.2507E+05 1.5732E+00 5.5777E-01 3.0000E-08 2.0359E-02 2.9673E+05 3.3701E-03 9.9526E-01 -2.4150E+01 1.2507E+05
  1.5745E+05 1.7720E+00 5.6499E-01 3.0000E-08 2.0060E-02 2.9703E+05 3.3667E-03 9.9473E-01 -3.0372E+01 1.5745E+05
  1.9822E+05 1.9977E+00 5.7344E-01 3.0000E-08 1.9728E-02 2.9730E+05 3.3636E-03 9.9416E-01 -3.8201E+01 1.9822E+05
  2.4955E+05 2.2589E+00 5.8345E-01 3.0000E-08 1.9358E-02 2.9754E+05 3.3608E-03 9.9351E-01 -4.8053E+01 2.4955E+05
  3.1416E+05 2.5657E+00 5.9558E-01 3.0000E-08 1.8936E-02 2.9776E+05 3.3584E-03 9.9279E-01 -6.0450E+01 3.1416E+05
  3.9550E+05 2.9322E+00 6.1078E-01 3.0000E-08 1.8441E-02 2.9796E+05 3.3561E-03 9.9197E-01 -7.6052E+01 3.9550E+05
  4.9791E+05 3.3799E+00 6.3075E-01 3.0000E-08 1.7835E-02 2.9814E+05 3.3541E-03 9.9105E-01 -9.5686E+01 4.9791E+05
  6.2683E+05 3.9451E+00 6.5851E-01 3.0000E-08 1.7065E-02 2.9830E+05 3.3523E-03 9.9001E-01 -1.2040E+02 6.2683E+05
  7.8913E+05 4.6934E+00 6.9943E-01 3.0000E-08 1.6051E-02 2.9845E+05 3.3507E-03 9.8882E-01 -1.5150E+02 7.8913E+05
  9.9346E+05 5.7393E+00 7.6199E-01 3.0000E-08 1.4721E-02 2.9858E+05 3.3492E-03 9.8746E-01 -1.9064E+02 9.9346E+05
  1.2507E+06 7.2135E+00 8.5094E-01 3.0000E-08 1.3172E-02 2.9869E+05 3.3479E-03 9.8591E-01 -2.3991E+02 1.2507E+06
  1.5745E+06 8.9877E+00 9.3937E-01 3.0000E-08 1.1923E-02 2.9880E+05 3.3467E-03 9.8411E-01 -3.0192E+02 1.5745E+06
  1.9822E+06 1.0680E+01 9.8779E-01 3.0000E-08 1.1331E-02 2.9890E+05 3.3456E-03 9.8207E-01 -3.7997E+02 1.9822E+06
  2.4955E+06 1.2381E+01 1.0144E+00 3.0000E-08 1.1028E-02 2.9899E+05 3.3446E-03 9.7979E-01 -4.7820E+02 2.4955E+06
  3.1416E+06 1.4391E+01 1.0464E+00 3.0000E-08 1.0684E-02 2.9907E+05 3.3437E-03 9.7727E-01 -6.0186E+02 3.1416E+06
  3.9550E+06 1.6830E+01 1.0882E+00 3.0000E-08 1.0269E-02 2.9915E+05 3.3428E-03 9.7448E-01 -7.5751E+02 3.9550E+06
  4.9791E+06 1.8940E+01 1.0898E+00 3.0000E-08 1.0250E-02 2.9921E+05 3.3421E-03 9.7137E-01 -9.5345E+02 4.9791E+06
  6.2683E+06 1.9069E+01 9.7451E-01 3.0000E-08 1.1458E-02 2.9927E+05 3.3415E-03 9.6783E-01 -1.2001E+03 6.2683E+06
  7.8913E+06 1.8671E+01 8.4461E-01 3.0000E-08 1.3215E-02 2.9932E+05 3.3409E-03 9.6374E-01 -1.5106E+03 7.8913E+06
  9.9346E+06 1.9014E+01 7.5951E-01 3.0000E-08 1.4692E-02 2.9936E+05 3.3404E-03 9.5905E-01 -1.9014E+03 9.9346E+06
  1.2507E+07 2.0029E+01 7.0540E-01 3.0000E-08 1.5814E-02 2.9940E+05 3.3400E-03 9.5369E-01 -2.3934E+03 1.2507E+07
  1.5745E+07 2.1986E+01 6.8285E-01 3.0000E-08 1.6332E-02 2.9944E+05 3.3395E-03 9.4766E-01 -3.0127E+03 1.5745E+07
  1.9822E+07 2.5061E+01 6.6099E-01 3.0000E-08 1.6868E-02 2.9948E+05 3.3391E-03 9.3866E-01 -3.7923E+03 1.9822E+07
  2.4955E+07 2.4669E+01 6.1010E-01 3.0000E-08 1.8272E-02 2.9951E+05 3.3388E-03 9.3472E-01 -4.7738E+03 2.4955E+07
  3.1416E+07 2.8519E+01 6.0047E-01 3.0000E-08 1.8561E-02 2.9954E+05 3.3385E-03 9.2378E-01 -6.0093E+03 3.1416E+07
  3.9550E+07 3.1606E+01 5.8658E-01 3.0000E-08 1.8997E-02 2.9956E+05 3.3382E-03 9.1399E-01 -7.5645E+03 3.9550E+07
  4.9791E+07 3.5235E+01 5.7624E-01 3.0000E-08 1.9335E-02 2.9959E+05 3.3379E-03 9.0298E-01 -9.5224E+03 4.9791E+07
  6.2683E+07 3.9371E+01 5.6737E-01 3.0000E-08 1.9635E-02 2.9961E+05 3.3377E-03 8.9065E-01 -1.1987E+04 6.2683E+07
  7.8913E+07 4.4070E+01 5.5974E-01 3.0000E-08 1.9900E-02 2.9963E+05 3.3375E-03 8.7688E-01 -1.5090E+04 7.8913E+07
  9.9346E+07 4.9246E+01 5.5172E-01 3.0000E-08 2.0187E-02 2.9965E+05 3.3373E-03 8.6162E-01 -1.8996E+04 9.9346E+07
  1.2507E+08 5.5169E+01 5.4556E-01 3.0000E-08 2.0413E-02 2.9966E+05 3.3371E-03 8.4473E-01 -2.3913E+04 1.2507E+08
  1.5745E+08 6.1860E+01 5.4033E-01 3.0000E-08 2.0608E-02 2.9968E+05 3.3369E-03 8.2612E-01 -3.0104E+04 1.5745E+08
  1.9822E+08 6.9407E+01 5.3589E-01 3.0000E-08 2.0777E-02 2.9969E+05 3.3368E-03 8.0566E-01 -3.7897E+04 1.9822E+08
  2.4955E+08 7.7911E+01 5.3212E-01 3.0000E-08 2.0923E-02 2.9970E+05 3.3367E-03 7.8327E-01 -4.7708E+04 2.4955E+08
  3.1416E+08 8.7484E+01 5.2889E-01 3.0000E-08 2.1049E-02 2.9971E+05 3.3366E-03 7.5885E-01 -6.0058E+04 3.1416E+08