  3.1416E+02 1.7316E+00 7.6901E-01 3.0000E-08 1.4999E-02 1.4549E+05 6.8732E-03 9.9811E-01 -1.2372E-01 3.1416E+02
  3.9550E+02 1.7326E+00 7.6941E-01 3.0000E-08 1.4991E-02 1.6025E+05 6.2401E-03 9.9792E-01 -1.4140E-01 3.9550E+02
  4.9791E+02 2.3914E-01 2.1689E+00 3.0000E-08 2.9010E-02 1.2533E+05 7.9792E-03 9.9956E-01 -2.2763E-01 4.9791E+02
  6.2683E+02 2.7699E-01 2.1223E+00 3.0000E-08 2.9240E-02 1.2628E+05 7.9190E-03 9.9948E-01 -2.8441E-01 6.2683E+02
  7.8913E+02 3.2467E-01 2.0732E+00 3.0000E-08 2.9456E-02 1.2736E+05 7.8521E-03 9.9939E-01 -3.5502E-01 7.8913E+02
  9.9346E+02 3.8446E-01 2.0225E+00 3.0000E-08 2.9644E-02 1.2857E+05 7.7778E-03 9.9926E-01 -4.4272E-01 9.9346E+02
  1.2507E+03 4.5840E-01 1.9710E+00 3.0000E-08 2.9803E-02 1.2992E+05 7.6969E-03 9.9911E-01 -5.5155E-01 1.2507E+03
  1.5745E+03 5.4850E-01 1.9199E+00 3.0000E-08 2.9934E-02 1.3138E+05 7.6115E-03 9.9892E-01 -6.8666E-01 1.5745E+03
  1.9822E+03 6.5739E-01 1.8706E+00 3.0000E-08 3.0033E-02 1.3290E+05 7.5243E-03 9.9869E-01 -8.5455E-01 1.9822E+03
  2.4955E+03 7.8926E-01 1.8245E+00 3.0000E-08 3.0096E-02 1.3445E+05 7.4377E-03 9.9840E-01 -1.0634E+00 2.4955E+03
  3.1416E+03 9.5039E-01 1.7821E+00 3.0000E-08 3.0124E-02 1.3600E+05 7.3529E-03 9.9805E-01 -1.3235E+00 3.1416E+03
  3.9550E+03 1.1491E+00 1.7429E+00 3.0000E-08 3.0118E-02 1.3755E+05 7.2702E-03 9.9762E-01 -1.6475E+00 3.9550E+03
  4.9791E+03 1.3954E+00 1.7065E+00 3.0000E-08 3.0085E-02 1.3910E+05 7.1891E-03 9.9708E-01 -2.0509E+00 4.9791E+03
  6.2683E+03 1.7013E+00 1.6721E+00 3.0000E-08 3.0030E-02 1.4066E+05 7.1091E-03 9.9641E-01 -2.5532E+00 6.2683E+03
  7.8913E+03 2.0813E+00 1.6394E+00 3.0000E-08 2.9955E-02 1.4224E+05 7.0302E-03 9.9557E-01 -3.1786E+00 7.8913E+03
  9.9346E+03 2.5535E+00 1.6082E+00 3.0000E-08 2.9863E-02 1.4384E+05 6.9520E-03 9.9453E-01 -3.9572E+00 9.9346E+03
  1.2507E+04 3.1407E+00 1.5784E+00 3.0000E-08 2.9755E-02 1.4546E+05 6.8747E-03 9.9322E-01 -4.9264E+00 1.2507E+04
  1.5745E+04 3.8716E+00 1.5498E+00 3.0000E-08 2.9633E-02 1.4710E+05 6.7981E-03 9.9159E-01 -6.1328E+00 1.5745E+04
  1.9822E+04 4.7819E+00 1.5224E+00 3.0000E-08 2.9497E-02 1.4876E+05 6.7221E-03 9.8956E-01 -7.6344E+00 1.9822E+04
  2.4955E+04 5.9161E+00 1.4959E+00 3.0000E-08 2.9349E-02 1.5045E+05 6.6466E-03 9.8702E-01 -9.5033E+00 2.4955E+04
  3.1416E+04 7.3300E+00 1.4703E+00 3.0000E-08 2.9189E-02 1.5217E+05 6.5717E-03 9.8385E-01 -1.1829E+01 3.1416E+04
  3.9550E+04 9.0930E+00 1.4456E+00 3.0000E-08 2.9018E-02 1.5391E+05 6.4972E-03 9.7990E-01 -1.4723E+01 3.9550E+04
  4.9791E+04 1.1291E+01 1.4217E+00 3.0000E-08 2.8837E-02 1.5569E+05 6.4231E-03 9.7497E-01 -1.8324E+01 4.9791E+04
  6.2683E+04 1.4032E+01 1.3984E+00 3.0000E-08 2.8646E-02 1.5750E+05 6.3494E-03 9.6884E-01 -2.2804E+01 6.2683E+04
  7.8913E+04 1.7450E+01 1.3758E+00 3.0000E-08 2.8447E-02 1.5934E+05 6.2761E-03 9.6122E-01 -2.8377E+01 7.8913E+04
  9.9346E+04 2.1708E+01 1.3538E+00 3.0000E-08 2.8239E-02 1.6121E+05 6.2031E-03 9.5179E-01 -3.5309E+01 9.9346E+04
  1.2507E+05 2.7013E+01 1.3324E+00 3.0000E-08 2.8024E-02 1.6312E+05 6.1305E-03 9.4012E-01 -4.3931E+01 1.2507E+05
  1.5745E+05 3.3616E+01 1.3115E+00 3.0000E-08 2.7803E-02 1.6506E+05 6.0584E-03 9.2576E-01 -5.4655E+01 1.5745E+05
  1.9822E+05 4.1830E+01 1.2911E+00 3.0000E-08 2.7577E-02 1.6704E+05 5.9866E-03 9.0815E-01 -6.7992E+01 1.9822E+05
  2.4955E+05 5.2041E+01 1.2710E+00 3.0000E-08 2.7347E-02 1.6905E+05 5.9154E-03 8.8666E-01 -8.4577E+01 2.4955E+05
  3.1416E+05 6.4723E+01 1.2514E+00 3.0000E-08 2.7114E-02 1.7110E+05 5.8446E-03 8.6059E-01 -1.0520E+02 3.1416E+05
  3.9550E+05 8.0459E+01 1.2321E+00 3.0000E-08 2.6880E-02 1.7318E+05 5.7744E-03 8.2922E-01 -1.3085E+02 3.9550E+05
  4.9791E+05 9.9963E+01 1.2131E+00 3.0000E-08 2.6645E-02 1.7529E+05 5.7048E-03 7.9180E-01 -1.6275E+02 4.9791E+05
  6.2683E+05 1.2411E+02 1.1944E+00 3.0000E-08 2.6412E-02 1.7744E+05 5.6358E-03 7.4765E-01 -2.0241E+02 6.2683E+05
  7.8913E+05 1.5398E+02 1.1760E+00 3.0000E-08 2.6181E-02 1.7961E+05 5.5676E-03 6.9626E-01 -2.5173E+02 7.8913E+05
  9.9346E+05 1.9087E+02 1.1577E+00 3.0000E-08 2.5953E-02 1.8181E+05 5.5002E-03 6.3742E-01 -3.1308E+02 9.9346E+05
  1.2507E+06 2.3639E+02 1.1396E+00 3.0000E-08 2.5732E-02 1.8404E+05 5.4336E-03 5.7136E-01 -3.8937E+02 1.2507E+06
  1.5745E+06 2.9250E+02 1.1216E+00 3.0000E-08 2.5517E-02 1.8629E+05 5.3679E-03 4.9897E-01 -4.8426E+02 1.5745E+06
  1.9822E+06 3.6158E+02 1.1037E+00 3.0000E-08 2.5311E-02 1.8856E+05 5.3032E-03 4.2195E-01 -6.0230E+02 1.9822E+06
  2.4955E+06 4.4656E+02 1.0858E+00 3.0000E-08 2.5115E-02 1.9086E+05 5.2395E-03 3.4292E-01 -7.4914E+02 2.4955E+06
  3.1416E+06 5.5100E+02 1.0678E+00 3.0000E-08 2.4930E-02 1.9317E+05 5.1768E-03 2.6535E-01 -9.3183E+02 3.1416E+06
  3.9550E+06 6.7927E+02 1.0499E+00 3.0000E-08 2.4757E-02 1.9550E+05 5.1152E-03 1.9325E-01 -1.1591E+03 3.9550E+06
  4.9791E+06 8.3669E+02 1.0319E+00 3.0000E-08 2.4597E-02 1.9784E+05 5.0546E-03 1.3058E-01 -1.4420E+03 4.9791E+06
  6.2683E+06 1.0298E+03 1.0139E+00 3.0000E-08 2.4451E-02 2.0020E+05 4.9951E-03 8.0430E-02 -1.7940E+03 6.2683E+06