  5.0000E+01 9.0796E-02 7.7717E-01 3.0000E-08 1.4913E-02 2.3580E+02 -1.0016E+01 5.0000E+01
  6.2946E+01 9.1164E-02 7.7918E-01 3.0000E-08 1.4872E-02 2.3374E+02 -8.0937E+00 6.2946E+01
  7.9245E+01 9.1590E-02 7.8116E-01 3.0000E-08 1.4833E-02 2.3260E+02 -6.5090E+00 7.9245E+01
  9.9763E+01 9.2147E-02 7.8340E-01 3.0000E-08 1.4788E-02 2.3216E+02 -5.2212E+00 9.9763E+01
  1.2559E+02 9.2929E-02 7.8623E-01 3.0000E-08 1.4733E-02 2.3229E+02 -4.1853E+00 1.2559E+02
  1.5811E+02 9.4054E-02 7.8990E-01 3.0000E-08 1.4662E-02 2.3293E+02 -3.3583E+00 1.5811E+02
  1.9905E+02 9.5666E-02 7.9457E-01 3.0000E-08 1.4573E-02 2.3404E+02 -2.7022E+00 1.9905E+02
  2.5059E+02 9.7942E-02 8.0016E-01 3.0000E-08 1.4467E-02 2.3553E+02 -2.1849E+00 2.5059E+02
  3.1548E+02 1.0111E-01 8.0634E-01 3.0000E-08 1.4350E-02 2.3728E+02 -1.7796E+00 3.1548E+02
  3.9716E+02 1.0548E-01 8.1256E-01 3.0000E-08 1.4233E-02 2.3910E+02 -1.4647E+00 3.9716E+02
  5.0000E+02 1.3528E-01 8.8634E-01 3.0000E-08 1.2944E-02 2.6184E+02 -1.3695E+00 5.0000E+02
  6.2946E+02 1.4380E-01 8.8527E-01 3.0000E-08 1.2947E-02 2.6160E+02 -1.1592E+00 6.2946E+02
  7.9245E+02 1.5572E-01 8.8376E-01 3.0000E-08 1.2953E-02 2.6129E+02 -1.0000E+00 7.9245E+02
  9.9763E+02 1.7216E-01 8.8174E-01 3.0000E-08 1.2960E-02 2.6090E+02 -8.8146E-01 9.9763E+02
  1.2559E+03 1.9139E-01 8.7927E-01 3.0000E-08 1.2970E-02 2.6042E+02 -7.8160E-01 1.2559E+03
  1.5811E+03 2.1408E-01 8.7654E-01 3.0000E-08 1.2981E-02 2.5989E+02 -6.9747E-01 1.5811E+03
  1.9905E+03 2.3933E-01 8.7366E-01 3.0000E-08 1.2994E-02 2.5933E+02 -6.2210E-01 1.9905E+03
  2.5059E+03 2.6638E-01 8.7079E-01 3.0000E-08 1.3009E-02 2.5875E+02 -5.5232E-01 2.5059E+03
  3.1548E+03 2.9529E-01 8.6798E-01 3.0000E-08 1.3026E-02 2.5816E+02 -4.8831E-01 3.1548E+03
  3.9716E+03 3.2695E-01 8.6518E-01 3.0000E-08 1.3046E-02 2.5754E+02 -4.3116E-01 3.9716E+03
  5.0000E+03 3.6239E-01 8.6230E-01 3.0000E-08 1.3070E-02 2.5687E+02 -3.8111E-01 5.0000E+03
  6.2946E+03 4.0229E-01 8.5926E-01 3.0000E-08 1.3099E-02 2.5613E+02 -3.3745E-01 6.2946E+03
  7.9245E+03 4.4706E-01 8.5608E-01 3.0000E-08 1.3132E-02 2.5533E+02 -2.9914E-01 7.9245E+03
  9.9763E+03 4.9715E-01 8.5286E-01 3.0000E-08 1.3168E-02 2.5451E+02 -2.6536E-01 9.9763E+03
  1.2559E+04 5.5325E-01 8.4972E-01 3.0000E-08 1.3204E-02 2.5369E+02 -2.3554E-01 1.2559E+04
  1.5811E+04 6.1614E-01 8.4668E-01 3.0000E-08 1.3240E-02 2.5289E+02 -2.0919E-01 1.5811E+04
  1.9905E+04 6.8667E-01 8.4377E-01 3.0000E-08 1.3275E-02 2.5211E+02 -1.8589E-01 1.9905E+04
  2.5059E+04 7.6563E-01 8.4075E-01 3.0000E-08 1.3314E-02 2.5130E+02 -1.6528E-01 2.5059E+04
  3.1548E+04 8.5395E-01 8.3756E-01 3.0000E-08 1.3357E-02 2.5042E+02 -1.4703E-01 3.1548E+04
  3.9716E+04 9.5275E-01 8.3417E-01 3.0000E-08 1.3404E-02 2.4947E+02 -1.3086E-01 3.9716E+04
  5.0000E+04 1.0633E+00 8.3059E-01 3.0000E-08 1.3455E-02 2.4846E+02 -1.1653E-01 5.0000E+04
  6.2946E+04 1.1870E+00 8.2678E-01 3.0000E-08 1.3511E-02 2.4737E+02 -1.0383E-01 6.2946E+04
  7.9245E+04 1.3254E+00 8.2272E-01 3.0000E-08 1.3572E-02 2.4621E+02 -9.2563E-02 7.9245E+04
  9.9763E+04 1.4804E+00 8.1839E-01 3.0000E-08 1.3639E-02 2.4495E+02 -8.2569E-02 9.9763E+04
  1.2559E+05 1.6539E+00 8.1375E-01 3.0000E-08 1.3713E-02 2.4360E+02 -7.3704E-02 1.2559E+05
  1.5811E+05 1.8484E+00 8.0878E-01 3.0000E-08 1.3793E-02 2.4215E+02 -6.5840E-02 1.5811E+05
  1.9905E+05 2.0665E+00 8.0344E-01 3.0000E-08 1.3882E-02 2.4058E+02 -5.8865E-02 1.9905E+05
  2.5059E+05 2.3113E+00 7.9770E-01 3.0000E-08 1.3978E-02 2.3889E+02 -5.2679E-02 2.5059E+05
  3.1548E+05 2.5864E+00 7.9154E-01 3.0000E-08 1.4084E-02 2.3707E+02 -4.7194E-02 3.1548E+05
  3.9716E+05 2.8961E+00 7.8494E-01 3.0000E-08 1.4200E-02 2.3511E+02 -4.2332E-02 3.9716E+05
  5.0000E+05 3.2451E+00 7.7787E-01 3.0000E-08 1.4327E-02 2.3301E+02 -3.8023E-02 5.0000E+05
  6.2946E+05 3.6393E+00 7.7032E-01 3.0000E-08 1.4465E-02 2.3077E+02 -3.4205E-02 6.2946E+05
  7.9245E+05 4.0853E+00 7.6232E-01 3.0000E-08 1.4615E-02 2.2838E+02 -3.0822E-02 7.9245E+05
  9.9763E+05 4.5909E+00 7.5387E-01 3.0000E-08 1.4777E-02 2.2587E+02 -2.7823E-02 9.9763E+05
  1.2559E+06 5.1654E+00 7.4503E-01 3.0000E-08 1.4951E-02 2.2323E+02 -2.5162E-02 1.2559E+06
  1.5811E+06 5.8190E+00 7.3586E-01 3.0000E-08 1.5136E-02 2.2049E+02 -2.2798E-02 1.5811E+06
  1.9905E+06 6.5640E+00 7.2645E-01 3.0000E-08 1.5330E-02 2.1768E+02 -2.0692E-02 1.9905E+06
  2.5059E+06 7.4115E+00 7.1656E-01 3.0000E-08 1.5541E-02 2.1473E+02 -1.8815E-02 2.5059E+06
  3.1548E+06 8.6802E+00 7.2145E-01 3.0000E-08 1.5434E-02 2.1620E+02 -1.7386E-02 3.1548E+06
  3.9716E+06 8.8311E+00 6.9372E-01 3.0000E-08 1.6050E-02 2.0790E+02 -1.4612E-02 3.9716E+06
  5.0000E+06 1.1819E+01 6.8270E-01 3.0000E-08 1.6308E-02 2.0460E+02 -1.5786E-02 5.0000E+06
  6.2946E+06 1.2864E+01 6.7698E-01 3.0000E-08 1.6445E-02 2.0290E+02 -1.3763E-02 6.2946E+06
  7.9245E+06 1.4224E+01 6.7017E-01 3.0000E-08 1.6611E-02 2.0086E+02 -1.2211E-02 7.9245E+06
  9.9763E+06 1.5934E+01 6.6363E-01 3.0000E-08 1.6774E-02 1.9891E+02 -1.0973E-02 9.9763E+06
  1.2559E+07 1.7937E+01 6.5762E-01 3.0000E-08 1.6927E-02 1.9711E+02 -9.9014E-03 1.2559E+07
  1.5811E+07 2.0300E+01 6.5161E-01 3.0000E-08 1.7082E-02 1.9531E+02 -8.9830E-03 1.5811E+07
  1.9905E+07 2.3004E+01 6.4601E-01 3.0000E-08 1.7229E-02 1.9364E+02 -8.1564E-03 1.9905E+07
  2.5059E+07 2.6081E+01 6.4099E-01 3.0000E-08 1.7364E-02 1.9213E+02 -7.4029E-03 2.5059E+07
  3.1548E+07 2.9571E+01 6.3651E-01 3.0000E-08 1.7485E-02 1.9079E+02 -6.7141E-03 3.1548E+07
  3.9716E+07 3.3521E+01 6.3253E-01 3.0000E-08 1.7595E-02 1.8961E+02 -6.0837E-03 3.9716E+07
  5.0000E+07 3.7986E+01 6.2900E-01 3.0000E-08 1.7693E-02 1.8855E+02 -5.5069E-03 5.0000E+07